MID	DAY	SEX	AGE	GEN	PRE	ARE	JOB	MAR	CHI	q1	q2	q3s1	q3s2	q3s3	q3s4	q3s5	q4s1	q4s2	q4s3	q4s4	q4s5
1000003719	2020/10/09 20:58	2	46	5	13	3	7	1	2	2	4	6	6	3	3	5	2	2	2	2	2
1000020349	2020/10/10 08:20	2	47	5	14	3	8	2	1	2	4	3	6	6	6	2	1	2	3	3	3
1000031002	2020/10/09 18:16	1	47	5	14	3	4	1	2	1	4	1	1	6	2	6	2	2	1	2	2
1000036392	2020/10/09 19:59	1	45	5	13	3	4	2	1	1	4	4	6	1	4	6	1	2	2	2	2
1000040558	2020/10/09 17:59	2	38	4	29	5	8	2	1	2	3	1	6	1	5	5	3	3	3	3	3
1000049046	2020/10/09 18:43	1	49	5	28	5	4	2	1	1	4	1	6	6	6	6	1	3	2	3	1
1000052816	2020/10/10 08:37	2	45	5	11	3	9	2	1	2	4	1	6	4	5	5	4	4	3	3	3
1000052818	2020/10/09 18:21	1	42	5	14	3	3	2	2	1	4	2	1	1	5	5	1	2	2	1	1
1000103312	2020/10/09 18:25	1	40	5	13	3	3	1	2	1	4	1	1	1	1	1	3	3	1	1	2
1000126765	2020/10/09 20:35	1	42	5	28	5	5	1	2	1	4	1	1	6	6	6	3	4	2	2	2
1000132178	2020/10/09 19:50	1	46	5	23	4	3	1	2	1	4	6	1	6	2	6	1	2	2	2	2
1000135255	2020/10/09 18:12	1	38	4	26	5	3	2	1	1	3	1	1	6	1	4	1	1	1	1	1
1000136736	2020/10/09 19:25	1	47	5	15	4	4	2	2	1	4	1	1	6	6	6	3	3	3	3	3
1000150136	2020/10/09 17:58	1	44	5	26	5	3	1	2	1	4	3	1	6	3	5	2	3	2	2	2
1000192106	2020/10/09 18:46	2	38	4	36	7	9	2	1	2	3	1	6	1	4	6	4	4	2	3	3
1000263799	2020/10/09 22:58	1	38	4	43	8	11	1	2	1	3	2	6	1	2	4	1	1	2	3	3
1000280724	2020/10/10 13:57	2	41	5	23	4	8	2	2	2	4	1	6	6	6	5	3	3	2	2	2
1000341130	2020/10/09 21:41	2	46	5	8	3	9	2	1	2	4	1	6	1	4	6	3	3	2	2	2
1000382473	2020/10/09 17:58	1	45	5	24	5	4	1	2	1	4	1	6	4	5	6	3	3	2	2	2
1000410316	2020/10/09 20:26	1	48	5	11	3	7	2	1	1	4	4	6	6	5	6	2	3	2	2	2
1000476104	2020/10/09 18:53	1	49	5	14	3	3	2	1	1	4	1	2	3	4	5	3	3	2	2	2
1000499545	2020/10/09 18:42	2	31	4	23	4	5	2	1	2	3	2	6	4	4	5	3	3	1	2	2
1000507899	2020/10/09 22:01	1	43	5	14	3	5	1	2	1	4	4	6	4	1	5	2	2	2	2	3
1000525843	2020/10/09 19:16	1	48	5	3	2	1	1	2	1	4	1	1	2	3	6	4	4	3	3	2
1000555847	2020/10/09 22:49	1	45	5	11	3	9	1	2	1	4	6	6	6	1	6	3	3	2	2	2
1000878789	2020/10/09 18:37	2	49	5	12	3	8	2	1	2	4	2	6	6	1	3	1	2	3	3	3
1000882816	2020/10/09 20:40	2	47	5	27	5	3	1	2	2	4	6	6	6	3	6	4	4	4	4	4
1000890322	2020/10/09 20:51	2	30	4	11	3	4	1	2	2	3	1	1	1	1	6	3	3	3	3	2
1000921692	2020/10/09 22:42	2	44	5	23	4	1	2	2	2	4	1	1	6	6	6	2	3	1	1	1
1001212691	2020/10/09 20:32	2	35	4	6	2	4	2	1	2	3	1	4	1	4	5	3	3	3	3	3
1001343128	2020/10/09 18:00	1	30	4	20	4	11	1	2	1	3	1	5	1	4	6	2	3	3	3	3
1001424793	2020/10/09 17:59	2	42	5	44	8	11	1	2	2	4	1	6	6	6	6	3	3	2	2	2
1001487149	2020/10/09 18:02	1	44	5	3	2	11	2	1	1	4	1	6	5	4	5	4	3	2	2	2
1001574182	2020/10/09 18:32	1	49	5	8	3	6	1	2	1	4	1	6	1	5	6	4	4	3	3	3
1001599377	2020/10/09 19:19	1	45	5	14	3	4	2	1	1	4	1	1	6	4	4	3	3	3	3	3
1001666314	2020/10/09 21:44	1	32	4	13	3	5	1	2	1	3	4	6	6	1	3	3	3	3	3	2
1001677932	2020/10/09 20:50	2	32	4	11	3	9	1	2	2	3	1	6	1	1	5	1	1	2	2	2
1001780431	2020/10/09 18:19	1	37	4	23	4	11	1	2	1	3	1	5	1	4	6	4	4	4	4	4
1001931107	2020/10/09 20:10	1	47	5	47	8	5	2	1	1	4	1	1	1	4	5	2	3	2	2	3
1001932322	2020/10/09 18:22	2	46	5	28	5	3	2	1	2	4	1	6	1	5	5	4	4	3	2	3
1001954053	2020/10/09 18:02	1	42	5	1	1	5	2	1	1	4	1	6	6	1	6	1	1	1	2	2
1001982618	2020/10/09 18:21	1	46	5	23	4	6	1	2	1	4	1	1	1	1	6	1	1	1	1	1
1002011263	2020/10/09 18:44	1	32	4	11	3	4	1	2	1	3	1	6	3	1	5	1	1	2	3	2
1002038667	2020/10/09 18:48	2	30	4	13	3	9	1	2	2	3	1	2	4	6	6	3	3	3	2	3
1002040014	2020/10/09 18:54	1	45	5	13	3	4	1	2	1	4	6	6	1	2	4	1	1	3	3	3
1002041019	2020/10/09 20:10	1	34	4	27	5	9	1	2	1	3	3	6	1	1	6	1	2	3	3	2
1002042087	2020/10/09 18:00	1	48	5	13	3	3	1	2	1	4	1	6	5	1	2	3	3	3	3	3
1002077653	2020/10/09 22:10	2	43	5	11	3	8	2	1	2	4	1	4	6	1	6	3	3	3	3	3
1002161254	2020/10/09 18:54	1	43	5	24	5	5	2	1	1	4	1	1	1	4	5	4	4	2	2	3
1002174421	2020/10/09 21:08	1	29	3	35	6	9	1	2	1	2	1	2	1	1	4	1	2	1	1	2
1002285023	2020/10/09 18:43	2	47	5	4	2	9	1	2	2	4	1	1	6	4	5	3	4	3	3	3
1002679122	2020/10/09 19:59	2	46	5	34	6	9	2	2	2	4	1	6	1	3	6	3	3	2	2	2
1002952638	2020/10/09 22:13	2	42	5	1	1	3	1	2	2	4	1	1	1	1	5	2	2	3	3	3
1003002689	2020/10/09 22:36	1	45	5	20	4	1	2	1	1	4	1	1	6	4	6	3	3	2	3	2
1003141415	2020/10/09 19:45	1	47	5	18	4	5	2	1	1	4	1	6	1	2	6	3	3	3	3	3
1003253800	2020/10/09 21:38	1	40	5	26	5	3	1	2	1	3	2	1	6	2	4	2	3	2	2	2
1003381490	2020/10/10 13:47	2	25	3	4	2	10	1	2	2	2	3	1	1	4	5	3	3	3	3	3
1003384785	2020/10/09 19:06	2	42	5	40	8	11	1	2	2	4	6	6	1	1	5	3	3	3	3	3
1003474985	2020/10/09 20:55	1	49	5	21	4	5	1	2	1	4	6	6	1	1	5	2	3	2	2	3
1003563146	2020/10/09 18:45	1	44	5	11	3	3	1	2	1	4	1	1	1	1	3	3	3	2	3	3
1003564282	2020/10/09 22:53	1	44	5	11	3	5	2	1	1	4	6	6	1	1	6	2	2	2	2	2
1003951348	2020/10/09 18:17	1	39	4	1	1	3	2	2	1	3	1	1	1	1	4	2	3	2	2	2
1004020889	2020/10/09 21:24	1	48	5	1	1	5	1	1	1	4	1	3	1	2	3	4	4	3	2	3
1004048565	2020/10/09 18:06	1	33	4	25	5	2	1	2	1	3	1	4	1	5	5	4	4	3	2	2
1004101120	2020/10/09 18:08	1	40	5	5	2	5	1	2	1	4	1	2	1	2	4	3	4	4	3	3
1004109509	2020/10/09 18:06	2	34	4	28	5	8	2	1	2	3	1	6	1	5	6	4	3	3	3	3
1004124718	2020/10/09 18:54	1	44	5	13	3	3	1	2	1	4	1	1	1	1	1	1	2	2	2	3
1004279116	2020/10/09 17:56	2	29	3	13	3	3	1	2	2	2	1	1	1	1	1	1	1	1	1	1
1004419611	2020/10/09 19:08	1	33	4	8	3	5	1	2	1	3	1	6	3	3	3	2	2	2	2	2
1004426345	2020/10/10 00:02	1	33	4	11	3	4	1	2	1	3	1	6	1	3	4	3	3	3	3	3
1004461974	2020/10/10 09:10	2	31	4	27	5	3	2	2	2	3	1	6	6	6	6	3	3	2	2	2
1004495444	2020/10/09 18:01	1	24	3	14	3	4	1	2	1	2	6	6	1	1	6	1	2	4	3	3
1004502095	2020/10/10 12:58	2	49	5	2	2	3	2	1	2	4	1	1	1	4	6	2	2	2	2	2
1004512533	2020/10/09 23:10	1	43	5	13	3	4	2	1	1	4	2	6	6	4	5	4	4	2	4	4
1004529543	2020/10/09 22:17	1	48	5	27	5	6	1	2	1	4	6	6	1	1	4	1	1	2	2	2
1004529651	2020/10/09 20:42	2	48	5	23	4	8	2	1	2	4	1	1	1	3	3	2	3	2	2	2
1004582632	2020/10/10 13:12	2	22	3	11	3	10	1	2	2	2	1	6	1	1	1	3	3	3	3	3
1004582919	2020/10/09 18:37	1	45	5	14	3	3	1	2	1	4	1	1	1	4	5	1	1	1	1	1
1004597142	2020/10/09 19:06	1	36	4	30	5	4	1	2	1	3	1	1	3	3	6	2	3	2	2	1
1004601100	2020/10/10 11:37	2	36	4	11	3	5	1	1	2	3	1	4	1	1	5	4	4	4	3	3
1004612951	2020/10/09 19:04	1	45	5	26	5	5	2	1	1	4	1	1	1	1	3	3	3	3	3	3
1004617001	2020/10/09 23:32	2	35	4	23	4	8	1	2	2	3	1	6	1	1	4	1	3	3	3	3
1004628029	2020/10/09 22:43	2	38	4	28	5	9	1	1	2	3	1	6	6	6	6	3	3	1	1	1
1004630817	2020/10/09 17:58	1	38	4	27	5	7	1	2	1	3	4	6	1	1	6	1	1	1	1	1
1004631484	2020/10/09 22:15	1	17	2	19	4	10	1	1	1	2	1	1	1	1	5	3	3	3	3	3
1004635937	2020/10/09 21:08	1	42	5	7	2	4	2	1	1	4	1	6	1	1	5	3	4	3	2	2
1004646120	2020/10/09 19:15	2	24	3	27	5	11	1	2	2	2	1	6	1	1	1	1	4	1	1	2
1004648932	2020/10/09 18:55	1	39	4	40	8	5	2	2	1	3	2	4	4	3	3	3	3	2	3	3
1004689976	2020/10/10 00:01	1	35	4	27	5	5	1	2	1	3	2	6	1	1	4	3	3	3	3	3
1004746897	2020/10/09 18:22	1	32	4	37	7	4	1	1	1	3	3	1	2	4	4	1	3	3	2	3
1004764856	2020/10/09 22:49	1	21	3	22	4	7	2	2	1	3	2	2	1	2	1	3	2	2	1	1
1004773004	2020/10/09 23:22	2	23	3	14	3	10	1	2	2	2	2	6	1	3	5	2	2	2	2	2
1004837758	2020/10/09 18:14	1	31	4	28	5	6	1	2	1	3	1	1	1	1	6	1	2	1	2	1
1004846333	2020/10/09 21:26	1	30	4	28	5	4	1	2	3	2	6	6	6	6	6	1	1	1	1	1
1004861443	2020/10/09 18:11	1	29	3	23	4	4	1	1	1	2	1	6	2	1	6	3	3	2	2	3
1004865371	2020/10/10 06:48	2	45	5	18	4	4	1	2	2	4	1	2	1	2	5	2	3	2	2	2
1004866933	2020/10/09 20:26	2	30	4	15	4	11	1	2	2	3	1	6	1	5	6	3	2	3	2	1
1004867842	2020/10/09 19:08	1	39	4	26	5	5	1	2	1	3	6	5	1	1	6	1	2	1	1	1
1004876553	2020/10/10 05:42	2	37	4	21	4	9	2	1	2	3	1	6	6	6	6	4	4	3	3	3
1004889905	2020/10/09 22:00	1	48	5	26	5	4	2	1	1	4	6	6	6	6	6	3	3	3	3	3
1004933284	2020/10/10 07:49	2	27	3	13	3	2	2	1	2	2	1	1	1	1	1	2	2	2	2	2
1004969760	2020/10/09 22:05	2	44	5	23	4	3	2	1	3	4	6	6	6	6	6	1	1	1	1	1
1005050747	2020/10/09 17:59	1	24	3	16	4	5	1	2	1	2	1	6	5	4	6	3	3	3	3	3
1005073782	2020/10/09 17:59	1	48	5	11	3	6	1	2	1	4	1	1	6	5	6	2	2	1	1	1
1005082084	2020/10/09 18:03	2	27	3	11	3	9	1	2	2	2	1	6	1	2	5	2	2	3	3	2
1005092477	2020/10/09 22:16	2	25	3	23	4	3	1	2	2	2	3	6	1	1	1	3	3	3	3	3
1005119279	2020/10/09 21:49	2	36	4	12	3	5	1	2	2	3	1	6	1	3	5	2	3	3	1	2
1005125003	2020/10/09 18:11	1	31	4	14	3	4	1	2	1	3	1	6	6	6	6	1	4	4	4	4
1005140195	2020/10/09 18:59	2	26	3	34	6	5	1	2	2	2	1	1	1	3	4	2	3	2	2	3
1005156436	2020/10/09 22:35	1	35	4	30	5	3	1	2	1	3	1	6	6	1	6	3	3	3	3	3
1005225280	2020/10/09 22:38	1	31	4	28	5	7	1	2	1	3	6	6	1	6	6	1	1	1	1	1
1005240721	2020/10/09 19:04	1	21	3	41	8	10	1	2	1	2	1	6	1	1	6	3	3	3	3	3
1005263392	2020/10/09 22:36	1	45	5	23	4	5	2	1	1	4	1	2	6	3	6	3	4	1	2	1
1005277335	2020/10/09 23:07	2	32	4	14	3	3	2	1	2	3	1	6	6	5	5	3	3	3	3	3
1005299637	2020/10/09 18:14	1	39	4	28	5	6	2	1	1	3	1	1	1	1	3	1	1	3	3	2
1005307935	2020/10/09 22:38	1	28	3	8	3	5	2	1	1	2	2	2	2	2	2	2	2	2	2	2
1005357197	2020/10/10 02:15	2	33	4	8	3	8	2	1	2	3	6	6	1	6	6	1	1	1	1	1
1005364945	2020/10/10 03:54	2	21	3	28	5	10	1	2	2	2	1	6	1	1	6	2	2	2	3	3
1005379124	2020/10/09 22:44	2	23	3	13	3	3	2	1	2	2	2	2	2	2	2	4	4	4	4	4
1005429639	2020/10/09 21:05	1	36	4	13	3	11	1	2	1	3	6	5	2	2	6	4	4	2	3	3
1005436106	2020/10/09 18:57	2	35	4	13	3	8	2	1	2	3	1	6	2	4	6	2	3	1	1	3
1005458120	2020/10/10 00:49	1	27	3	25	5	10	1	2	1	2	1	2	1	1	4	3	3	4	3	2
1005483831	2020/10/09 19:03	2	25	3	13	3	4	1	2	2	2	4	6	1	1	2	2	4	2	2	2
1005487232	2020/10/10 16:14	2	28	3	23	4	9	1	2	2	2	1	6	1	1	5	3	3	3	3	3
1005495783	2020/10/09 22:29	2	33	4	27	5	9	1	2	2	3	6	6	6	6	6	1	1	1	1	1
1005507941	2020/10/09 21:54	1	46	5	13	3	5	2	1	1	4	1	6	1	4	5	3	3	2	3	2
1005522190	2020/10/10 12:07	2	28	3	24	5	9	2	1	2	2	1	6	1	1	1	3	3	3	3	3
1005526270	2020/10/10 08:17	2	32	4	39	7	5	1	2	2	3	1	6	1	4	4	3	3	3	2	2
1005551911	2020/10/09 21:48	1	41	5	12	3	3	2	1	1	4	2	2	6	1	6	4	4	1	3	1
1005563512	2020/10/10 11:07	2	33	4	13	3	5	1	2	2	3	1	6	2	2	3	3	4	2	3	3
1005586843	2020/10/09 20:35	1	24	3	13	3	5	1	2	1	2	6	6	1	6	5	1	1	3	2	2
1005597939	2020/10/09 21:15	2	33	4	13	3	8	2	2	2	3	1	6	1	6	6	3	3	3	3	3
1005659760	2020/10/09 21:34	2	18	2	13	3	10	1	2	2	1	3	6	1	3	3	3	3	2	2	2
1005665408	2020/10/09 21:18	2	36	4	27	5	8	2	1	2	3	1	6	1	1	2	2	2	2	2	2
1005675433	2020/10/10 14:44	2	27	3	23	4	9	1	2	2	2	1	6	1	1	4	3	3	3	3	3
1005678254	2020/10/09 20:40	1	41	5	6	2	4	2	1	1	4	5	6	1	1	6	3	3	3	3	3
1005698641	2020/10/10 10:38	2	34	4	22	4	11	1	2	2	3	1	4	6	3	5	3	3	2	2	1
1005705296	2020/10/10 00:00	1	30	4	25	5	4	1	2	1	3	1	1	1	2	6	1	1	2	2	1
1005720653	2020/10/09 21:25	1	36	4	40	8	7	1	2	1	3	1	1	6	3	6	2	2	4	2	4
1005732952	2020/10/09 20:30	2	46	5	27	5	9	2	2	2	4	1	6	1	4	4	2	2	2	2	3
1005745708	2020/10/09 19:15	1	30	4	10	3	9	1	2	1	3	3	1	4	1	3	2	3	3	3	2
1005806074	2020/10/09 18:33	1	25	3	27	5	2	2	1	1	2	1	2	2	2	2	2	2	1	1	1
1005813533	2020/10/10 16:05	2	30	4	23	4	8	2	2	2	3	1	6	1	6	6	3	3	2	2	2
1005815664	2020/10/09 18:24	1	35	4	6	2	9	1	2	1	3	1	5	6	1	2	2	2	2	3	2
1005819661	2020/10/09 19:44	2	21	3	14	3	10	1	2	2	2	1	6	4	1	4	3	3	2	2	2
1005822316	2020/10/09 20:41	2	35	4	1	1	8	2	2	2	3	1	6	1	1	6	3	3	3	3	2
1005855256	2020/10/09 19:23	1	34	4	21	4	11	1	2	1	3	1	1	1	1	6	3	3	3	3	2
1005877409	2020/10/09 18:01	1	48	5	10	3	4	2	1	1	4	6	6	6	5	5	1	1	1	2	2
1005894968	2020/10/09 19:50	1	38	4	17	4	5	2	2	1	3	1	6	6	1	6	2	2	2	2	2
1005916924	2020/10/10 06:20	2	48	5	2	2	11	2	1	2	4	1	6	6	6	6	3	2	1	1	1
1005932174	2020/10/09 23:13	2	49	5	27	5	8	2	1	2	4	1	6	6	6	6	3	3	3	3	3
1005933511	2020/10/09 18:11	1	41	5	11	3	9	1	2	1	4	2	2	1	1	6	1	1	1	1	1
1005945744	2020/10/10 13:50	2	38	4	39	7	6	2	1	2	3	1	6	6	3	6	3	4	3	3	3
1005947052	2020/10/10 00:01	2	47	5	24	5	5	1	2	2	4	1	6	6	6	6	3	3	2	2	2
1005977013	2020/10/10 11:57	2	48	5	27	5	3	2	1	2	4	2	1	4	4	5	3	3	2	2	2
1005990970	2020/10/09 18:34	2	36	4	37	7	3	1	2	2	3	1	1	6	6	6	3	3	3	2	3
1006019582	2020/10/09 18:17	2	35	4	23	4	11	1	2	2	3	1	1	1	1	3	3	4	2	2	2
1006020722	2020/10/09 18:59	1	38	4	14	3	9	1	2	1	3	1	1	1	4	6	1	2	2	2	1
1006067299	2020/10/10 00:52	2	31	4	23	4	8	2	2	2	3	3	6	2	3	5	3	3	3	3	3
1006080002	2020/10/09 18:17	2	46	5	13	3	9	2	1	2	4	1	6	1	6	6	4	3	3	3	3
1006089218	2020/10/09 22:04	2	22	3	44	8	10	1	2	2	2	6	6	1	1	3	3	4	3	3	3
1006092857	2020/10/09 23:28	1	27	3	13	3	5	1	1	1	2	1	1	1	1	1	1	1	1	1	1
1006135410	2020/10/09 20:47	1	46	5	28	5	5	2	1	1	4	4	6	6	4	6	1	1	2	2	2
1006177379	2020/10/09 18:45	1	32	4	46	8	5	1	2	1	3	1	2	1	1	6	3	3	3	3	3
1006199048	2020/10/09 17:57	2	21	3	14	3	10	1	2	2	2	1	2	1	1	4	4	4	2	3	2
1006244471	2020/10/10 09:54	2	29	3	11	3	3	2	1	2	2	6	6	6	2	6	3	3	2	2	2
1006293301	2020/10/09 20:55	1	49	5	17	4	3	2	1	1	4	1	1	1	4	5	3	3	2	3	2
1006297952	2020/10/09 19:52	1	47	5	13	3	5	1	2	1	4	4	6	1	1	3	2	1	2	2	2
1006323946	2020/10/09 18:01	1	49	5	23	4	5	1	2	1	4	1	1	6	1	6	1	1	3	4	3
1006330300	2020/10/10 12:20	2	22	3	12	3	3	2	1	2	2	1	6	1	3	6	3	1	3	3	3
1006334690	2020/10/09 18:47	2	34	4	13	3	3	1	2	2	3	1	6	3	3	4	1	1	1	1	1
1006369752	2020/10/09 18:41	2	37	4	23	4	8	2	1	2	3	1	4	1	5	5	3	4	3	2	3
1006370634	2020/10/09 20:39	1	18	2	23	4	10	1	2	1	1	1	6	1	1	6	1	1	1	1	1
1006388814	2020/10/10 09:26	2	19	2	47	8	11	1	2	2	2	1	6	1	1	6	1	1	2	2	2
1006391239	2020/10/09 20:56	2	46	5	2	2	3	2	2	2	4	1	6	1	1	6	2	2	1	1	2
1006413103	2020/10/10 00:01	1	27	3	34	6	4	2	2	1	2	1	5	5	5	5	3	2	3	2	3
1006433923	2020/10/09 19:29	2	46	5	13	3	3	1	2	2	4	1	6	3	3	4	1	2	2	3	2
1006442121	2020/10/09 22:50	2	23	3	17	4	4	1	2	2	2	1	6	1	5	5	2	3	4	2	3
1006446907	2020/10/09 23:15	2	32	4	23	4	8	2	1	2	3	1	6	1	4	4	2	2	2	2	2
1006458994	2020/10/09 18:01	1	38	4	16	4	5	1	2	1	3	1	6	4	4	5	4	4	4	4	4
1006460437	2020/10/09 19:46	2	39	4	27	5	5	1	2	2	3	1	6	1	4	4	4	4	3	3	2
1006464494	2020/10/09 20:10	1	26	3	11	3	1	1	2	1	2	1	1	1	1	1	4	4	4	4	4
1006494842	2020/10/09 23:06	1	28	3	12	3	11	1	2	1	2	2	6	1	4	6	3	3	2	1	2
1006497723	2020/10/09 20:52	1	40	5	16	4	5	1	2	1	4	1	6	6	1	6	2	2	1	3	3
1006547588	2020/10/09 19:32	2	32	4	28	5	5	2	2	2	3	1	6	2	4	6	2	2	2	2	2
1006580355	2020/10/09 18:09	2	33	4	13	3	5	1	2	2	3	2	6	1	1	4	3	2	2	2	2
1006586469	2020/10/09 18:07	1	44	5	14	3	4	2	1	1	4	1	6	1	3	6	4	3	3	3	2
1006612006	2020/10/09 19:03	2	49	5	14	3	9	2	2	2	4	1	6	6	6	6	2	1	1	1	1
1006630635	2020/10/09 21:13	2	48	5	5	2	11	1	2	2	4	1	6	5	1	6	2	2	1	1	1
1006645981	2020/10/09 22:43	2	21	3	24	5	9	1	2	2	2	6	6	1	1	5	3	3	3	3	3
1006660422	2020/10/09 22:32	1	24	3	24	5	5	1	2	1	2	6	6	2	1	6	3	3	3	3	3
1006665119	2020/10/09 18:01	1	23	3	12	3	9	1	2	1	2	1	4	6	6	6	2	3	3	2	2
1006680537	2020/10/09 22:34	2	41	5	23	4	9	1	2	2	4	1	1	4	4	4	4	4	3	4	3
1006713012	2020/10/09 18:40	2	18	2	10	3	10	1	2	2	1	1	6	1	2	5	4	3	2	2	3
1006742395	2020/10/09 18:57	2	21	3	37	7	11	1	2	2	2	1	6	1	1	4	1	3	3	3	2
1006774205	2020/10/09 18:02	1	38	4	27	5	5	1	2	1	3	1	1	1	1	5	2	2	2	2	2
1006777861	2020/10/09 18:17	2	25	3	23	4	5	2	2	2	2	1	3	1	1	2	3	3	2	2	2
1006832404	2020/10/09 18:42	1	29	3	11	3	11	1	2	1	2	5	6	6	2	5	3	3	3	3	3
1006852095	2020/10/10 00:49	2	36	4	40	8	9	1	2	2	3	2	6	1	3	6	2	2	1	1	1
1006855405	2020/10/09 17:57	2	26	3	7	2	11	1	2	2	2	1	1	1	1	6	3	3	3	3	1
1006870284	2020/10/10 09:09	2	23	3	4	2	3	1	2	2	2	6	6	1	1	2	1	2	3	3	3
1006894997	2020/10/09 21:30	1	38	4	12	3	4	1	2	1	3	1	6	1	4	5	4	1	4	3	1
1006903589	2020/10/09 19:20	1	32	4	19	4	11	1	2	1	3	6	6	6	2	6	3	3	3	3	3
1006907360	2020/10/09 20:58	1	33	4	11	3	3	2	1	1	3	1	6	6	6	6	3	3	2	2	2
1006930020	2020/10/10 17:32	2	49	5	12	3	4	1	2	2	4	1	6	1	1	4	1	1	1	1	1
1006935827	2020/10/09 20:00	2	28	3	5	2	3	2	1	2	2	1	6	6	6	6	4	4	2	2	2
1006937233	2020/10/09 20:37	1	34	4	27	5	3	1	2	1	3	1	6	1	1	5	2	3	1	2	2
1006945631	2020/10/09 20:57	1	47	5	9	3	5	2	1	1	4	1	3	3	3	3	1	2	2	1	2
1006948391	2020/10/09 22:13	2	44	5	27	5	8	2	1	2	4	1	6	6	6	5	3	3	2	2	3
1006958626	2020/10/09 21:56	1	17	2	23	4	10	1	2	1	1	1	1	1	1	1	1	1	1	1	1
1006970278	2020/10/09 20:35	2	37	4	24	5	1	2	1	2	3	1	6	5	3	3	3	3	3	3	3
1006972988	2020/10/10 00:28	2	29	3	13	3	5	1	2	2	2	1	6	1	4	4	2	2	2	2	2
1006986292	2020/10/10 02:54	2	33	4	15	4	5	1	2	2	3	1	6	6	3	4	4	3	1	2	3
1007047775	2020/10/09 23:00	1	26	3	21	4	5	1	2	1	2	2	6	5	2	6	2	3	3	3	2
1007060594	2020/10/09 21:03	1	22	3	40	8	10	1	2	1	2	6	6	1	1	4	2	2	2	2	2
1007060836	2020/10/09 18:11	1	33	4	14	3	5	2	1	1	3	6	5	1	1	5	4	3	2	2	2
1007067516	2020/10/09 21:50	1	35	4	25	5	5	1	2	1	3	1	1	1	1	1	4	4	4	4	4
1007074362	2020/10/09 18:35	1	40	5	38	7	5	2	1	1	4	2	1	6	1	6	1	1	1	1	1
1007077173	2020/10/09 21:46	2	18	2	13	3	10	1	2	2	1	1	6	2	2	5	4	4	2	2	3
1007083843	2020/10/09 22:15	1	24	3	15	4	3	1	2	1	2	1	4	1	3	5	3	3	4	3	2
1007102497	2020/10/09 21:30	2	32	4	14	3	9	1	1	2	3	1	6	1	1	4	3	4	2	3	3
1007104066	2020/10/10 00:51	2	31	4	40	8	9	2	2	2	3	1	6	1	1	2	2	3	3	3	3
1007153592	2020/10/09 23:44	1	14	1	38	7	10	1	2	1	1	1	6	1	1	6	2	4	3	4	3
1007198941	2020/10/09 23:25	1	35	4	20	4	4	1	2	1	3	1	1	6	6	6	4	4	1	1	1
1007206652	2020/10/09 18:47	2	22	3	14	3	9	1	2	2	2	1	6	1	2	3	3	3	3	3	3
1007211551	2020/10/09 20:22	2	30	4	11	3	8	2	2	2	3	1	6	1	5	5	3	3	3	2	3
1007233691	2020/10/09 19:22	1	36	4	13	3	3	2	1	1	3	1	2	4	3	5	2	3	2	2	4
1007242218	2020/10/10 09:16	2	18	2	14	3	10	1	2	2	1	3	6	6	2	6	4	4	3	3	2
1007291065	2020/10/09 19:22	1	38	4	28	5	4	2	1	1	3	1	6	6	1	6	4	3	1	2	2
1007308405	2020/10/09 22:38	2	16	2	1	1	10	1	2	2	1	1	4	1	1	5	3	3	1	2	2
1007314037	2020/10/09 21:09	2	28	3	13	3	9	2	2	2	2	1	6	1	6	3	3	3	3	3	3
1007320394	2020/10/09 18:44	2	42	5	27	5	9	2	1	2	4	1	6	6	6	6	3	3	3	3	3
1007324987	2020/10/09 18:07	1	22	3	23	4	10	1	2	1	2	1	2	3	3	3	1	3	2	4	2
1007325737	2020/10/10 17:05	2	37	4	5	2	9	2	1	2	3	1	6	6	2	5	2	3	2	4	1
1007326894	2020/10/09 18:38	2	36	4	42	8	11	1	1	2	3	6	6	6	1	6	1	1	1	1	1
1007341350	2020/10/09 18:49	1	40	5	37	7	4	2	1	1	4	3	1	1	3	5	2	2	3	3	3
1007343938	2020/10/09 23:21	2	17	2	40	8	10	1	2	2	1	1	6	1	1	6	4	3	3	3	3
1007347019	2020/10/09 18:16	1	15	2	46	8	10	1	2	1	1	1	2	1	1	5	3	4	2	3	3
1007361979	2020/10/10 12:53	2	28	3	28	5	5	1	2	2	2	2	4	6	3	5	3	3	3	3	3
1007379236	2020/10/09 18:41	1	40	5	8	3	4	1	2	1	4	1	6	1	1	1	4	2	3	3	4
1007393893	2020/10/09 20:39	2	28	3	18	4	9	1	2	2	2	1	1	1	6	6	2	4	2	2	2
1007395277	2020/10/10 12:08	2	22	3	47	8	10	1	2	2	2	1	6	1	1	6	3	3	3	3	3
1007396760	2020/10/09 18:40	1	48	5	16	4	4	2	1	1	4	1	4	6	6	5	2	3	3	2	2
1007421627	2020/10/09 19:41	2	42	5	28	5	5	2	1	2	4	1	6	1	4	4	3	3	3	3	3
1007424705	2020/10/09 22:54	2	23	3	29	5	9	1	2	2	2	1	1	1	1	5	3	4	2	3	3
1007434756	2020/10/09 22:29	1	41	5	13	3	5	2	2	1	4	1	4	6	4	4	1	1	1	1	1
1007449861	2020/10/09 21:38	1	18	2	40	8	10	1	2	1	2	1	1	1	2	2	1	1	2	1	1
1007457394	2020/10/10 10:35	2	30	4	33	6	8	2	1	2	3	1	6	1	1	1	4	4	4	4	4
1007490709	2020/10/09 19:13	2	32	4	40	8	9	2	2	2	3	1	6	1	2	3	3	3	4	3	3
1007494244	2020/10/09 21:04	1	48	5	27	5	6	1	2	1	4	4	6	1	1	6	1	1	2	4	1
1007509462	2020/10/09 17:56	2	20	3	23	4	10	1	2	2	2	5	6	1	1	4	1	1	1	1	1
1007519883	2020/10/09 22:39	1	31	4	28	5	6	1	2	1	3	1	6	6	1	6	2	2	2	3	1
1007529739	2020/10/09 20:42	1	38	4	19	4	4	1	2	1	3	1	2	5	1	6	2	2	3	2	2
1007536762	2020/10/09 20:53	1	32	4	40	8	1	2	1	2	3	1	1	1	6	6	3	3	1	1	1
1007540902	2020/10/09 18:52	1	42	5	13	3	3	1	2	1	4	6	6	1	1	3	3	3	2	2	2
1007566006	2020/10/09 18:00	1	40	5	23	4	4	1	2	1	4	1	1	1	1	6	3	3	3	3	2
1007573726	2020/10/09 17:59	1	26	3	27	5	4	2	1	1	2	1	6	1	1	1	3	2	3	2	2
1007574582	2020/10/09 19:11	1	34	4	10	3	6	1	2	1	3	6	6	6	6	6	1	1	1	1	1
1007576319	2020/10/09 18:26	2	14	1	14	3	10	1	2	2	1	1	6	1	1	6	3	3	2	1	2
1007580375	2020/10/10 15:43	2	19	2	40	8	11	1	2	2	1	4	6	1	1	1	3	3	3	3	3
1007582942	2020/10/09 22:04	1	40	5	23	4	4	2	1	1	4	1	6	3	1	5	2	2	2	3	2
1007589956	2020/10/09 22:23	2	23	3	28	5	5	1	2	2	2	1	3	1	1	1	4	3	2	3	1
1007598858	2020/10/09 20:37	2	15	2	15	4	10	1	2	2	1	6	6	1	1	6	4	2	2	2	3
1007603082	2020/10/09 22:10	2	42	5	22	4	8	2	1	2	4	1	6	6	6	6	4	1	1	1	1
1007603568	2020/10/09 21:39	2	22	3	27	5	10	1	2	2	2	2	2	2	1	1	1	1	1	2	2
1007634202	2020/10/09 22:36	2	20	3	12	3	10	1	2	2	2	1	6	1	1	1	3	3	3	3	3
1007648730	2020/10/09 20:08	1	37	4	29	5	11	1	2	1	3	2	6	6	5	6	2	3	2	3	2
1007654123	2020/10/09 20:18	2	24	3	22	4	8	2	1	2	2	1	6	1	1	5	3	3	3	2	3
1007657978	2020/10/09 23:39	2	38	4	11	3	11	2	1	2	4	1	1	1	1	1	4	4	4	3	4
1007658505	2020/10/09 18:47	2	47	5	22	4	9	2	1	2	4	1	6	1	1	5	3	3	3	3	2
1007662530	2020/10/09 17:57	1	48	5	40	8	4	1	2	1	4	1	6	1	1	6	2	2	2	2	2
1007689319	2020/10/09 22:47	2	31	4	45	8	3	1	2	2	3	4	5	1	5	5	2	2	1	2	2
1007696059	2020/10/10 00:47	1	21	3	12	3	9	1	2	1	2	1	6	1	1	6	3	1	3	2	1
1007714944	2020/10/09 22:41	2	23	3	43	8	1	1	2	2	2	1	6	1	2	5	2	3	3	2	3
1007716403	2020/10/09 18:46	1	29	3	23	4	3	1	2	1	2	1	1	1	1	1	4	4	3	4	4
1007737629	2020/10/09 20:36	1	35	4	13	3	11	2	1	1	3	2	6	4	4	5	3	3	2	2	3
1007742878	2020/10/09 23:02	2	18	2	17	4	10	1	2	2	1	1	5	1	1	4	3	4	2	3	2
1007746355	2020/10/09 19:37	1	25	3	14	3	3	2	1	1	3	6	6	6	6	6	4	4	4	4	4
1007747122	2020/10/09 17:59	2	16	2	13	3	10	1	2	2	1	4	6	3	1	3	2	3	3	3	2
1007762212	2020/10/09 18:42	2	46	5	37	7	9	2	1	2	4	1	6	6	4	5	3	3	2	2	3
1007763094	2020/10/10 00:33	2	31	4	40	8	5	1	2	2	3	6	6	1	1	4	1	2	3	2	3
1007763181	2020/10/10 02:28	2	13	1	28	5	10	1	2	2	1	1	6	1	2	4	3	3	3	3	3
1007763208	2020/10/09 18:39	1	35	4	27	5	5	1	2	1	3	1	6	1	1	5	1	1	1	1	2
1007796199	2020/10/10 00:28	2	21	3	28	5	10	1	2	2	2	1	6	1	1	5	3	3	3	3	3
1007797615	2020/10/10 01:25	2	29	3	47	8	4	2	1	2	2	1	6	1	5	6	4	4	3	2	3
1007804743	2020/10/09 21:57	2	36	4	13	3	8	2	2	2	3	1	5	1	1	4	2	2	2	2	3
1007818486	2020/10/09 21:34	2	29	3	15	4	5	1	2	2	2	1	1	1	1	4	1	1	1	1	1
1007823729	2020/10/09 19:21	1	49	5	16	4	4	2	1	1	4	1	6	6	6	6	3	2	2	2	2
1007830557	2020/10/09 18:11	2	28	3	11	3	3	1	2	2	2	1	3	1	1	1	3	4	2	2	3
1007846933	2020/10/09 20:50	1	17	2	44	8	10	2	2	1	1	4	6	1	1	6	3	3	2	2	3
1007847923	2020/10/10 00:44	1	19	2	28	5	9	1	2	1	2	4	6	1	1	5	2	2	1	2	3
1007858106	2020/10/09 18:36	1	20	3	38	7	10	1	2	1	2	1	6	1	1	3	2	2	2	2	2
1007860233	2020/10/09 23:22	1	16	2	40	8	10	1	2	1	1	1	6	1	1	6	4	4	3	2	3
1007869318	2020/10/09 18:00	2	24	3	22	4	7	1	2	2	2	1	6	1	1	5	3	4	3	3	3
1007873976	2020/10/09 18:29	2	47	5	21	4	4	2	1	2	4	1	3	6	1	3	3	4	3	2	2
1007876430	2020/10/09 18:33	2	34	4	23	4	8	2	1	2	3	1	6	4	4	5	3	3	1	1	3
1007883372	2020/10/10 07:37	2	37	4	13	3	8	2	2	2	3	1	6	1	3	2	3	3	3	3	3
1007887760	2020/10/09 19:37	1	16	2	12	3	10	1	2	1	1	3	6	1	4	6	4	4	2	2	3
1007888928	2020/10/09 21:44	2	27	3	27	5	5	1	2	2	2	1	6	1	1	5	1	1	2	1	1
1007890245	2020/10/09 21:23	2	31	4	12	3	9	2	2	2	3	6	6	4	1	6	3	3	4	4	3
