MID	DAY	SEX	AGE	GEN	PRE	ARE	JOB	MAR	CHI	q1s1	q1s2	q1s3	q1s4	q1s5	q1s6	q1s7	q1s8	q1s9	q1s10	q1s11	q1s12	q1s13	q1s14	q1s15	q1s16	q1s17	q1s18	q1s19	q2s1	q2s2	q2s3	q2s4	q2s5	q2s6	q2s7	q2s8	q2s9	q2s10	q2s11	q2s12	q2s13	q2s14	q2s15	q2s16	q2s17	q2s18	q2s19	q3s1	q3s2	q3s3	q3s4	q3s5	q3s6	q3s7	q3s8	q3s9	q3s10	q3s11	q3s12	q3s13	q3s14	q3s15	q3s16	q3s17	q3s18	q3s19
1000009568	2020/10/12 18:46	2	42	5	13	3	9	1	2	3	3	3	3	3	2	2	3	3	3	3	3	3	3	3	3	3	3	3	3	3	3	3	3	2	2	3	3	3	3	3	3	3	3	3	3	3	3	3	3	3	2	2	2	3	2	3	3	3	3	3	3	3	3	3	3	3
1000019995	2020/10/12 16:47	1	42	5	29	5	4	2	1	3	3	3	3	3	3	3	3	3	3	3	3	3	3	3	3	3	3	3	3	3	3	3	3	3	3	3	3	3	3	3	3	3	3	3	3	3	3	3	3	3	3	3	3	3	3	3	3	3	3	3	3	3	3	3	3	3
1000116965	2020/10/12 21:31	2	48	5	26	5	9	2	1	3	3	3	3	3	2	2	3	2	3	4	4	3	3	2	3	3	3	3	2	3	3	3	3	3	3	3	3	3	3	3	3	2	2	3	3	3	3	3	3	3	3	3	3	3	3	3	3	3	3	2	3	3	3	3	3	3
1000149966	2020/10/12 20:52	2	36	4	1	1	7	2	1	4	3	3	3	3	4	4	3	3	2	3	2	4	3	4	3	3	2	3	4	3	3	4	3	4	4	3	3	3	3	3	4	3	4	5	4	3	3	4	3	4	4	3	4	4	3	3	3	3	3	4	3	4	4	4	3	3
1000161850	2020/10/12 19:50	2	36	4	28	5	4	1	2	4	3	4	4	4	4	4	3	3	4	4	1	3	3	4	4	3	3	3	4	3	3	3	4	4	3	3	3	3	4	1	3	3	4	4	3	3	3	3	3	3	4	4	4	4	3	3	3	4	1	3	3	4	4	3	3	3
1000271070	2020/10/12 20:55	2	46	5	11	3	8	2	1	3	3	3	3	3	3	3	3	3	3	3	3	3	3	3	3	3	3	2	3	3	3	3	3	3	3	3	3	3	3	3	3	3	3	3	3	3	2	3	3	3	3	3	3	3	3	3	3	2	3	3	3	3	3	3	3	2
1000282124	2020/10/12 19:56	2	45	5	23	4	8	2	1	4	3	3	3	4	3	3	3	5	4	3	3	3	3	3	3	3	3	3	4	3	4	3	4	3	3	3	3	3	3	3	3	3	3	3	3	3	3	4	3	3	3	4	3	3	3	3	3	3	3	3	3	3	3	3	3	3
1000282836	2020/10/12 17:01	1	46	5	14	3	5	1	2	1	1	1	1	1	1	1	1	1	1	1	1	1	1	1	3	1	1	1	1	1	1	1	1	1	1	1	1	1	1	1	1	1	1	1	1	3	1	1	1	1	1	1	1	1	1	3	1	1	1	1	1	1	3	1	1	1
1000290870	2020/10/12 16:37	2	48	5	7	2	8	2	1	1	1	1	1	1	1	1	1	1	1	1	1	1	1	1	1	1	1	1	3	3	3	3	3	3	3	3	3	3	3	3	3	3	3	3	3	3	3	3	3	3	3	3	3	3	3	3	3	3	3	3	3	3	3	3	3	3
1000295044	2020/10/12 20:41	2	40	5	21	4	8	2	1	2	2	3	4	3	4	3	3	4	3	3	3	3	4	4	4	3	3	3	3	3	3	4	3	4	4	3	4	3	3	3	3	4	4	4	4	4	3	3	3	3	3	3	3	3	3	4	3	3	3	3	4	3	4	4	3	3
1000384692	2020/10/12 17:28	2	45	5	14	3	8	2	1	4	4	4	4	4	4	4	4	4	4	4	4	4	4	4	4	4	4	3	3	3	3	3	3	3	3	3	3	3	3	3	3	3	3	3	3	3	3	3	3	3	3	3	3	3	3	3	3	3	3	3	3	3	3	3	3	3
1000389472	2020/10/12 17:20	1	49	5	28	5	3	2	1	3	3	3	3	3	3	3	3	3	3	3	3	3	3	3	3	3	3	3	3	3	3	3	3	3	3	3	3	3	3	3	3	3	3	3	3	3	3	3	3	3	3	3	3	3	3	3	3	3	3	3	3	3	3	3	3	3
1000701351	2020/10/12 18:31	2	39	4	12	3	9	1	2	4	4	4	4	4	4	4	3	3	3	2	3	4	4	3	3	2	3	3	4	4	4	4	4	3	4	3	3	3	2	3	4	4	3	3	4	3	3	3	3	3	3	3	3	3	3	3	3	2	2	4	3	3	3	4	3	3
1000782936	2020/10/12 18:30	1	49	5	7	2	2	2	1	3	1	3	2	2	2	4	3	3	4	3	3	4	3	4	3	3	3	3	3	3	3	3	3	3	3	3	3	3	3	3	3	3	3	3	3	3	3	3	3	3	3	3	3	3	3	3	3	3	3	3	3	3	3	3	3	3
1001068988	2020/10/12 17:53	1	38	4	29	5	5	1	2	3	3	3	3	3	3	3	3	3	3	3	3	3	3	3	3	3	3	3	3	3	3	3	3	3	3	3	3	3	3	3	3	3	3	3	3	3	3	3	3	3	3	3	3	3	3	3	3	3	3	3	3	3	3	3	3	3
1001093510	2020/10/12 17:06	1	48	5	40	8	5	2	1	3	3	3	3	2	3	3	3	3	3	3	3	3	3	3	3	3	3	3	3	3	3	3	3	3	3	3	3	3	3	3	3	3	3	3	3	3	3	3	3	3	3	3	3	3	3	3	3	3	3	3	3	3	3	3	3	3
1001662727	2020/10/12 16:34	2	49	5	13	3	3	2	2	3	3	4	4	4	3	3	3	4	4	4	3	4	4	4	3	3	3	3	3	4	3	4	4	3	4	3	4	4	4	3	4	3	4	3	4	3	3	3	4	4	4	4	3	4	3	4	4	4	3	4	4	4	3	3	3	3
1001714765	2020/10/12 17:11	2	48	5	38	7	6	1	1	3	3	3	3	3	3	3	3	3	3	3	3	3	3	3	3	4	3	3	4	3	3	3	3	3	3	3	3	3	3	3	3	3	3	3	3	3	3	3	3	3	3	3	3	3	3	3	3	3	3	3	3	3	2	3	2	3
1001799565	2020/10/12 21:05	2	49	5	2	2	8	2	1	2	2	2	2	2	2	2	2	2	2	2	2	2	2	2	2	2	2	2	2	2	2	2	2	2	2	2	2	2	2	2	2	2	2	2	2	2	2	2	2	2	2	2	2	2	2	2	2	2	2	2	2	2	2	2	2	2
1001965732	2020/10/12 18:16	1	49	5	11	3	4	2	1	2	2	2	2	2	2	2	2	2	2	5	3	2	2	1	1	2	3	3	4	4	4	4	4	4	4	4	4	4	2	2	4	4	4	4	4	4	3	4	4	4	4	4	4	4	4	4	4	2	2	4	4	4	4	4	4	3
1001983064	2020/10/12 17:19	1	44	5	12	3	4	2	1	2	1	1	1	1	2	1	1	1	1	1	1	1	1	1	1	1	1	1	2	2	3	2	2	2	2	2	2	2	2	2	2	2	2	2	2	2	2	2	1	2	2	2	2	2	2	2	2	2	2	2	2	2	2	2	2	2
1001983396	2020/10/12 19:40	1	49	5	13	3	11	1	2	4	4	4	4	4	4	4	4	4	4	3	3	3	3	3	3	3	3	4	3	3	3	3	3	3	3	3	3	3	3	3	3	3	3	3	3	3	3	3	3	3	3	3	3	3	3	3	3	3	3	3	3	3	3	3	3	3
1002018151	2020/10/12 19:44	2	48	5	42	8	11	1	2	4	3	3	4	4	3	4	3	5	3	3	2	4	3	3	3	3	3	3	4	4	3	4	3	3	4	3	5	3	3	2	3	3	3	3	4	4	3	4	4	3	4	4	3	4	3	5	3	3	2	3	3	3	3	4	3	3
1002037767	2020/10/12 21:29	2	35	4	6	2	11	1	2	3	3	3	3	3	2	3	3	3	3	3	3	3	3	3	3	3	3	3	3	3	3	3	3	3	3	3	3	3	3	3	3	3	3	2	2	2	3	3	3	3	3	3	2	3	3	3	3	3	3	3	3	3	2	2	2	3
1002037973	2020/10/12 17:36	2	44	5	13	3	11	1	2	3	3	2	2	3	3	3	3	3	3	3	3	3	3	3	3	3	3	3	3	3	3	3	3	3	3	3	3	3	3	2	2	3	3	3	3	3	3	3	3	3	3	3	3	3	3	2	3	3	3	3	3	3	3	3	3	3
1002041771	2020/10/12 17:50	1	37	4	12	3	9	1	2	3	3	3	3	3	3	3	3	3	3	3	3	3	3	3	3	3	3	3	3	3	3	3	3	3	3	3	3	3	3	3	3	3	3	3	3	3	3	3	3	3	3	3	3	3	3	3	3	3	3	3	3	3	3	3	3	3
1002058151	2020/10/12 19:54	1	41	5	12	3	5	2	2	3	3	3	3	3	3	3	3	3	3	3	3	3	3	3	3	3	3	3	3	3	3	3	3	3	3	3	3	3	3	3	3	3	3	3	3	3	3	3	3	3	3	3	3	3	3	3	3	3	3	3	3	3	3	3	3	3
1002095238	2020/10/12 18:27	2	43	5	14	3	3	1	2	3	2	2	2	2	3	3	3	3	3	3	3	3	3	3	4	3	3	3	3	3	3	3	3	3	3	3	3	3	3	3	3	3	3	3	3	3	3	2	2	2	2	2	2	2	2	2	3	3	3	2	2	3	3	3	3	3
1002147227	2020/10/12 20:49	2	37	4	28	5	5	2	1	4	3	4	4	4	4	4	3	4	3	3	2	4	4	3	3	3	3	4	4	4	4	4	4	4	4	3	4	3	3	2	4	4	3	3	3	3	4	4	4	4	4	4	4	4	3	4	3	2	2	4	4	3	3	3	3	4
1002162315	2020/10/12 21:39	1	27	3	27	5	10	1	2	3	3	3	3	3	3	3	3	3	3	3	3	3	3	3	3	3	3	3	3	3	3	3	3	3	3	3	3	3	3	3	3	3	3	3	3	3	3	3	3	3	3	3	3	3	3	3	3	3	3	3	3	3	3	3	3	3
1002192198	2020/10/12 18:10	1	30	4	18	4	1	1	2	1	2	2	3	2	3	2	2	1	2	1	3	3	2	2	3	2	2	1	1	2	2	3	2	3	2	3	1	2	3	2	3	1	2	2	3	2	2	1	1	2	1	2	1	2	1	2	2	2	3	3	1	2	2	3	1	2
1002220204	2020/10/12 17:05	1	35	4	34	6	3	2	2	3	3	4	4	3	3	3	3	3	4	4	3	3	4	4	4	3	3	3	2	3	3	4	4	3	3	3	2	3	3	3	2	3	3	3	3	3	2	2	3	2	3	3	2	4	3	3	2	2	3	3	2	3	3	3	2	3
1002967507	2020/10/12 18:20	1	41	5	13	3	6	2	1	3	4	2	4	3	2	3	4	2	3	3	2	3	4	4	2	3	4	3	4	2	3	2	4	4	3	3	2	4	3	3	2	4	4	3	2	4	3	4	2	3	2	4	3	3	4	2	4	2	4	3	3	2	4	3	2	3
1002968638	2020/10/12 20:03	1	35	4	34	6	4	1	2	2	2	3	4	3	4	3	3	3	3	4	3	3	3	3	3	3	3	3	3	3	3	3	3	3	3	3	3	3	3	3	3	3	3	3	3	3	3	3	3	3	3	3	3	3	3	3	3	3	3	2	3	3	3	3	3	3
1002980692	2020/10/12 19:32	1	35	4	11	3	5	2	1	4	3	3	3	2	5	4	3	1	1	3	2	3	4	4	5	1	4	3	3	2	1	4	4	3	3	2	4	3	3	2	4	4	1	1	3	4	3	3	3	1	4	4	3	3	2	2	3	3	4	3	2	3	5	3	3	2
1003025817	2020/10/12 21:43	2	36	4	15	4	6	1	2	3	3	3	3	3	3	3	3	3	3	3	3	3	3	3	3	3	3	3	3	3	3	3	3	3	3	3	3	3	3	3	3	3	3	3	3	3	3	3	3	3	3	3	3	3	3	3	3	3	3	3	3	3	3	3	3	3
1003243071	2020/10/12 16:39	2	45	5	27	5	11	1	2	3	3	3	3	3	3	3	3	3	3	3	2	3	3	3	3	3	3	3	3	3	3	3	3	3	3	3	3	3	3	2	3	3	3	3	3	3	3	3	3	3	3	3	3	3	3	3	3	3	2	3	3	3	3	3	3	3
1003396888	2020/10/12 17:13	2	37	4	12	3	11	1	2	4	3	3	3	3	3	3	3	3	3	3	3	3	3	3	3	3	3	3	3	3	3	3	3	3	3	3	3	3	3	3	3	3	3	3	3	3	3	3	3	3	3	3	3	3	3	3	3	3	3	3	3	3	3	3	3	3
1003426889	2020/10/12 16:35	2	40	5	13	3	5	2	2	3	4	3	4	4	4	3	3	4	3	3	3	3	3	3	3	3	3	2	3	4	3	4	4	4	3	3	4	3	3	3	4	3	3	3	3	3	2	3	4	3	4	4	4	3	3	4	3	3	3	3	3	3	3	3	3	2
1003457500	2020/10/12 19:42	1	43	5	26	5	4	2	1	2	3	2	2	3	3	2	2	3	3	2	2	2	3	3	2	3	2	3	1	2	3	2	3	3	3	2	2	2	2	2	2	3	3	3	2	3	3	3	4	3	3	3	4	3	3	3	3	2	2	3	2	2	2	2	3	3
1003665016	2020/10/12 18:33	1	43	5	21	4	5	2	2	3	2	3	2	3	4	4	4	4	3	3	2	2	3	3	3	1	2	2	3	4	3	2	2	4	4	3	3	3	3	3	3	4	2	3	3	3	3	2	3	3	3	3	3	2	3	3	5	3	2	3	2	3	3	2	3	3
1003871030	2020/10/12 19:38	2	46	5	23	4	8	2	1	4	4	3	5	4	4	3	3	3	3	3	2	3	3	4	4	3	2	3	4	5	4	5	4	4	4	3	3	3	3	3	3	3	4	4	3	3	3	4	4	3	4	4	4	3	3	3	3	3	3	4	4	4	4	4	3	3
1004107434	2020/10/12 23:47	2	45	5	37	7	3	2	1	5	5	5	5	5	5	5	5	5	5	5	5	5	5	5	5	4	4	4	5	5	5	5	5	5	5	5	5	5	5	5	5	5	5	4	4	4	4	5	5	5	5	5	5	5	5	5	5	5	5	5	5	5	5	5	5	4
1004326567	2020/10/12 18:50	2	33	4	28	5	5	1	2	4	3	4	4	3	3	4	2	3	3	2	2	3	2	3	3	3	3	2	4	3	3	4	4	4	3	4	3	4	4	3	3	4	4	3	3	4	4	4	4	3	4	4	4	3	4	4	4	4	4	4	3	4	4	4	3	2
1004495951	2020/10/12 18:20	2	35	4	40	8	1	1	2	3	4	3	4	4	4	3	3	4	4	4	2	3	3	3	3	3	3	3	3	4	3	4	3	4	3	3	4	4	4	2	2	3	3	3	3	3	3	3	4	3	4	3	3	3	3	4	4	4	2	3	3	3	3	3	3	3
1004507781	2020/10/12 18:20	2	26	3	23	4	3	1	2	5	3	5	5	5	5	5	5	5	5	4	1	5	5	5	5	5	5	5	5	3	5	5	5	5	5	5	5	5	3	1	5	5	5	5	5	5	4	5	3	5	5	5	5	5	5	5	5	3	1	5	5	5	5	5	5	4
1004512554	2020/10/12 16:46	2	40	5	13	3	9	1	2	2	2	3	3	2	2	2	2	3	3	3	2	1	3	4	3	5	2	3	2	2	1	1	1	1	1	1	2	2	2	1	2	2	2	2	2	2	1	3	2	2	2	2	3	3	3	4	3	3	3	3	4	2	2	3	3	2
1004547646	2020/10/13 07:13	1	25	3	1	1	5	1	2	3	3	3	3	3	3	3	3	3	3	3	3	3	3	3	3	3	3	3	3	3	3	3	3	3	3	3	3	3	3	3	3	3	3	3	3	3	3	3	3	3	3	3	3	3	3	3	3	3	3	3	3	3	3	3	3	3
1004597142	2020/10/12 16:44	1	36	4	30	5	4	1	2	3	4	4	5	4	5	4	4	3	2	3	2	5	4	5	4	4	3	2	3	4	4	5	4	5	4	4	3	3	3	2	4	4	5	4	4	3	2	3	4	4	5	4	5	4	4	3	3	3	2	4	4	4	4	3	2	2
1004635549	2020/10/12 17:30	1	48	5	14	3	4	2	2	1	1	1	1	1	1	1	1	1	1	1	1	1	1	1	1	1	1	1	1	1	1	1	1	1	1	1	1	1	1	1	1	1	1	1	1	1	1	1	1	1	1	1	1	1	1	1	1	1	1	1	1	1	1	1	1	1
1004648700	2020/10/12 22:18	2	46	5	21	4	11	1	2	3	4	4	4	4	4	4	3	4	3	3	3	4	4	4	4	3	3	3	3	4	4	4	4	4	4	3	4	3	2	3	4	4	4	4	4	4	3	3	4	4	4	4	4	4	4	4	3	2	3	4	4	4	4	4	3	3
1004667599	2020/10/13 22:25	2	26	3	12	3	10	1	2	1	1	1	1	1	1	3	3	4	1	1	1	1	1	3	1	1	1	1	1	1	1	1	1	1	4	3	4	1	1	1	1	1	1	1	1	1	1	1	1	1	1	1	1	4	3	4	1	1	1	1	1	1	1	1	1	1
1004672977	2020/10/13 07:30	1	22	3	14	3	10	1	2	4	5	3	3	3	4	2	3	2	3	3	3	2	2	2	3	2	2	2	4	5	3	2	3	4	2	3	3	3	2	2	2	2	3	3	3	3	2	4	5	3	2	3	4	2	3	3	2	2	2	2	3	2	3	3	2	2
1004691611	2020/10/12 18:45	1	30	4	27	5	3	2	2	2	1	2	2	1	1	2	2	2	1	2	2	2	1	1	1	2	2	2	2	1	1	2	2	2	1	1	2	2	1	2	2	2	1	1	1	2	2	1	1	2	1	1	2	2	1	1	2	2	2	2	1	1	1	2	2	2
1004699871	2020/10/12 17:01	2	39	4	21	4	3	2	2	3	3	3	3	3	4	3	3	3	3	3	3	3	3	3	3	3	3	3	4	3	3	3	3	3	3	3	3	2	3	3	3	3	3	3	3	3	3	3	2	3	3	1	3	3	3	3	3	3	3	3	3	3	3	3	3	3
1004699930	2020/10/12 22:41	2	33	4	23	4	9	2	1	1	1	1	1	1	1	1	1	1	1	1	1	1	1	1	2	1	1	1	1	1	1	1	1	1	2	1	1	1	1	1	1	1	2	1	1	1	1	1	1	1	1	1	1	1	1	1	1	1	1	1	1	1	1	1	1	1
1004707629	2020/10/13 16:32	1	16	2	1	1	10	1	2	2	3	3	3	3	3	3	3	3	3	3	3	3	3	3	3	3	3	3	3	3	3	3	3	3	3	3	3	3	3	3	3	3	3	3	3	3	3	3	3	3	3	3	3	3	3	3	3	3	3	3	3	3	3	3	3	3
1004742398	2020/10/13 09:25	1	29	3	13	3	4	2	2	4	4	5	5	4	5	4	3	2	3	3	2	4	4	4	4	3	3	2	4	4	4	4	4	4	4	3	3	3	2	2	4	4	4	5	3	3	3	5	5	4	4	4	4	4	4	3	3	2	2	4	4	4	5	5	3	4
1004764602	2020/10/12 19:18	1	47	5	23	4	1	1	2	3	4	4	2	4	5	4	4	4	4	4	3	4	3	4	2	2	4	2	4	5	3	4	4	5	4	4	5	4	4	3	3	4	4	4	4	4	3	4	4	4	5	4	5	4	4	5	4	4	3	4	3	4	4	4	3	2
1004777321	2020/10/12 16:41	2	35	4	14	3	8	2	1	1	1	1	1	1	1	1	1	1	1	1	1	1	1	1	1	1	1	1	4	4	4	4	4	4	3	4	4	4	4	3	4	4	4	5	4	4	4	4	4	3	4	4	4	4	4	4	4	4	3	3	4	4	4	3	4	4
1004788351	2020/10/12 22:10	1	19	2	2	2	10	1	2	4	3	4	4	4	4	4	5	4	4	3	4	2	3	1	1	5	1	1	5	5	5	5	5	5	5	5	5	3	2	1	4	4	4	4	4	5	1	5	5	5	5	5	5	5	5	5	5	1	1	5	5	5	5	5	5	1
1004793469	2020/10/17 00:47	2	21	3	13	3	10	1	2	4	4	4	4	4	4	4	3	3	3	3	3	3	3	4	4	3	3	4	4	4	4	4	4	4	4	4	3	3	3	3	3	3	4	4	4	3	3	4	4	4	5	4	4	4	4	3	3	3	2	3	3	4	3	4	3	4
1004851871	2020/10/12 18:16	2	31	4	10	3	5	1	2	4	2	4	5	3	4	3	3	3	3	4	3	3	3	3	4	4	3	3	3	3	4	5	3	3	3	3	3	3	4	4	3	3	3	4	4	4	3	3	3	4	3	4	4	3	3	3	3	3	4	3	3	3	4	4	4	3
1004885551	2020/10/12 18:13	2	16	2	34	6	10	1	2	3	2	5	5	5	5	5	4	5	5	5	5	5	5	5	5	5	5	5	4	3	5	3	2	3	3	3	2	3	2	4	5	5	5	5	5	5	5	5	5	5	4	5	5	5	5	2	5	5	5	5	5	5	5	5	5	2
1004892120	2020/10/12 19:03	1	33	4	10	3	1	2	1	3	3	3	4	3	3	3	3	3	3	3	3	3	3	4	3	3	3	2	3	3	3	3	3	3	3	3	3	3	3	3	3	3	3	3	3	3	2	3	3	3	3	3	3	3	3	3	3	3	3	3	3	3	3	3	3	1
1004894213	2020/10/13 06:51	1	25	3	40	8	9	1	2	3	3	3	3	3	3	3	3	3	3	3	3	3	3	3	3	3	3	3	3	3	3	3	3	3	3	3	3	3	3	3	3	3	3	3	3	3	3	3	3	3	3	3	3	3	3	3	3	3	3	3	3	3	3	3	3	3
1004921020	2020/10/13 09:27	2	23	3	16	4	11	1	2	2	3	2	2	2	2	2	3	3	3	4	4	2	2	2	2	3	3	3	3	3	3	3	3	3	2	3	3	3	4	4	2	2	2	2	2	2	3	3	3	3	3	3	3	2	3	3	3	4	4	2	2	2	2	2	3	3
1004934690	2020/10/13 02:02	2	35	4	14	3	8	2	2	2	2	2	2	2	2	2	1	2	2	3	2	2	2	3	2	2	2	2	2	2	2	2	2	2	3	1	3	2	2	2	2	2	2	2	2	2	2	2	2	2	2	2	2	2	1	2	2	2	2	2	2	2	2	2	2	2
1004943606	2020/10/12 22:30	2	18	2	4	2	10	1	2	3	3	2	1	2	2	2	4	3	3	4	3	4	3	4	4	4	4	3	2	3	3	3	2	3	3	2	2	3	2	3	2	3	2	3	3	2	2	2	2	3	3	1	3	3	3	1	3	2	3	3	2	3	3	2	3	2
1004987055	2020/10/13 07:26	2	26	3	45	8	11	1	2	2	2	2	2	2	2	2	1	2	2	2	1	1	2	1	1	2	2	2	2	2	2	2	2	2	2	2	1	1	1	1	1	1	1	1	1	1	1	2	2	2	2	2	1	1	1	1	1	1	1	1	1	1	1	1	1	1
1005008484	2020/10/12 21:41	2	49	5	14	3	8	2	1	3	3	3	3	3	3	4	3	4	4	3	4	4	4	4	4	3	4	4	4	4	4	4	4	4	5	4	4	4	3	3	4	4	4	4	4	3	4	4	4	4	4	4	4	5	4	5	4	4	3	4	4	4	3	3	3	4
1005009477	2020/10/12 23:04	2	19	2	45	8	10	1	2	3	3	4	4	3	4	3	2	3	3	3	2	2	2	3	3	2	3	3	3	3	3	4	3	4	3	3	3	3	3	4	3	3	3	3	4	3	3	3	3	3	3	3	3	3	3	3	3	3	3	3	3	3	3	3	3	3
1005031446	2020/10/12 22:42	2	18	2	27	5	10	1	2	1	1	1	1	1	1	1	1	1	1	1	1	1	1	1	1	1	1	1	1	1	1	1	1	1	1	1	1	1	1	1	1	1	1	1	1	1	1	1	1	1	1	1	1	1	1	1	1	1	1	1	1	1	1	1	1	1
1005033193	2020/10/13 06:46	2	26	3	27	5	9	2	2	4	3	3	3	3	3	3	3	3	5	3	3	3	3	3	3	3	3	5	3	3	3	3	3	4	3	3	5	3	3	3	3	3	3	3	3	3	5	3	3	3	3	3	3	3	3	5	3	3	3	3	3	3	3	3	3	5
1005034039	2020/10/12 19:31	1	34	4	13	3	5	2	2	3	3	3	3	3	3	3	3	3	3	2	3	3	3	3	3	3	3	3	3	3	3	3	3	3	3	3	3	3	4	3	3	3	3	3	3	3	3	3	3	3	3	3	3	3	3	3	3	4	3	3	3	3	3	3	3	3
1005035668	2020/10/12 17:10	2	18	2	1	1	10	1	2	4	4	3	4	3	4	4	4	3	2	2	2	3	3	3	4	3	3	3	3	4	3	3	3	3	3	3	3	3	3	3	3	4	3	3	3	3	3	4	4	3	3	4	3	3	3	4	3	3	3	3	3	3	4	4	4	3
1005050143	2020/10/13 00:28	2	28	3	44	8	1	1	2	3	3	3	3	3	3	3	3	3	3	3	3	3	3	3	3	3	3	3	3	3	3	3	3	3	3	3	3	3	3	3	3	3	3	3	3	3	3	3	3	3	3	3	3	3	3	3	3	3	3	3	3	3	3	3	3	3
1005081633	2020/10/13 06:17	2	19	2	8	3	10	1	2	2	3	4	4	4	4	4	4	4	4	4	4	4	4	4	4	4	4	4	2	3	4	4	4	4	4	4	4	4	4	4	4	4	4	4	4	4	3	2	3	4	4	2	4	4	4	4	4	4	4	4	4	4	4	4	4	3
1005089491	2020/10/12 18:30	1	27	3	13	3	3	1	2	1	1	1	1	1	1	1	1	1	1	1	1	1	1	1	1	1	1	1	1	1	1	1	1	1	1	1	1	1	1	1	1	1	1	1	1	1	1	1	1	1	1	1	1	1	1	1	1	1	1	1	1	1	1	1	1	1
1005102568	2020/10/12 19:05	2	19	2	40	8	10	1	2	3	3	3	3	3	3	3	3	3	3	3	3	3	3	3	3	3	3	3	3	3	3	3	3	3	3	3	3	3	3	3	3	3	3	3	3	3	3	3	3	3	3	3	3	3	3	3	3	3	3	3	3	3	3	3	3	3
1005111951	2020/10/12 22:27	1	26	3	14	3	6	1	2	1	1	1	1	1	1	1	1	1	1	1	1	1	1	3	3	3	3	3	1	1	1	1	1	1	1	1	1	1	1	1	1	1	3	3	3	3	3	1	1	1	1	1	1	1	1	1	1	1	1	1	1	3	3	3	3	3
1005138366	2020/10/13 13:09	1	24	3	28	5	10	1	2	3	4	3	4	2	4	3	3	4	2	2	2	2	1	3	3	3	2	2	2	2	2	2	2	2	2	2	2	2	2	2	2	2	2	2	2	2	2	2	2	2	2	2	2	2	2	2	2	2	2	2	2	2	2	2	2	2
1005199947	2020/10/12 17:43	1	47	5	27	5	11	1	2	1	1	1	1	1	1	1	1	1	1	1	1	1	1	1	1	1	1	1	1	1	1	1	1	1	1	1	1	1	1	1	1	1	1	1	1	1	1	1	1	1	1	1	1	1	1	1	1	1	1	1	1	1	1	1	1	1
1005218391	2020/10/12 19:02	1	19	2	24	5	10	1	2	2	3	3	3	3	3	4	3	4	3	4	4	4	3	3	3	3	4	3	3	4	4	3	4	4	3	4	3	3	3	3	3	3	3	4	3	3	4	3	3	4	4	4	4	3	4	3	3	3	4	3	4	3	3	3	3	3
1005252890	2020/10/13 00:03	2	40	5	27	5	5	1	2	3	3	3	2	2	2	3	3	3	3	3	3	3	3	3	1	3	3	3	3	3	3	3	3	3	3	3	3	3	3	3	3	3	3	3	3	3	3	3	3	3	3	3	3	3	3	3	3	3	3	3	3	3	3	3	3	3
1005265290	2020/10/12 21:02	1	19	2	25	5	10	1	2	3	3	3	3	3	3	3	3	3	3	3	3	3	3	3	3	3	3	3	3	3	3	3	3	3	3	3	3	3	3	3	3	3	3	3	3	3	3	3	3	3	3	3	3	3	3	3	3	3	3	3	3	3	3	3	3	3
1005273492	2020/10/12 19:52	1	42	5	13	3	5	2	1	4	5	4	4	3	4	4	3	2	2	4	4	4	4	2	3	3	3	3	4	4	4	4	4	4	4	3	2	3	4	3	4	4	2	3	3	3	3	4	4	4	4	4	3	4	3	2	3	3	3	4	4	2	3	3	3	3
1005353148	2020/10/12 18:28	2	34	4	24	5	4	1	2	4	4	3	3	4	4	4	2	3	2	2	2	4	3	3	3	3	3	2	2	2	2	2	2	2	2	2	2	2	2	2	2	2	2	2	2	2	1	2	2	2	2	2	2	2	2	2	2	2	2	2	2	2	2	2	2	1
1005432027	2020/10/12 22:58	2	18	2	23	4	10	1	2	3	1	3	3	4	4	5	4	3	2	3	3	4	1	2	2	3	3	4	2	4	1	4	4	2	3	4	3	3	4	5	3	4	2	1	1	3	3	2	3	1	4	5	3	4	4	2	3	4	1	3	3	4	5	4	3	2
1005440366	2020/10/13 00:48	2	30	4	43	8	5	2	1	2	3	2	3	2	3	4	2	3	1	3	4	1	2	4	2	3	2	3	2	3	1	3	2	3	1	2	3	4	3	2	4	3	2	2	2	4	2	2	1	3	3	2	3	1	3	2	4	2	4	2	4	3	2	3	2	4
1005456059	2020/10/12 22:52	2	18	2	26	5	10	1	2	3	3	3	3	4	4	3	3	4	3	2	2	3	3	3	4	3	3	3	3	3	3	3	3	4	3	3	4	3	2	2	3	3	3	4	4	4	3	3	3	3	3	3	4	3	3	4	3	2	2	3	3	3	4	4	4	3
1005489354	2020/10/12 19:49	2	19	2	26	5	10	1	2	4	4	5	3	4	5	4	4	5	5	5	4	4	4	2	1	1	2	3	4	3	4	4	1	2	2	4	4	3	2	5	3	4	5	2	1	2	4	4	4	5	4	3	5	5	3	3	5	1	3	4	2	3	2	4	2	4
1005512859	2020/10/12 19:54	1	19	2	40	8	10	1	2	3	2	3	2	2	2	3	3	3	1	3	3	1	2	3	3	3	2	1	3	2	3	3	3	1	2	2	3	1	2	2	3	1	3	3	3	3	2	3	1	3	3	1	3	2	3	3	2	4	3	3	2	1	3	2	3	1
1005611538	2020/10/13 07:04	2	30	4	27	5	8	1	1	3	2	3	3	2	2	2	3	3	3	3	3	2	3	2	2	3	3	3	3	4	3	3	3	3	4	3	3	3	3	3	4	3	4	4	3	3	3	3	4	3	3	4	4	4	3	3	3	3	3	4	3	4	4	4	3	3
1005628195	2020/10/12 19:37	2	18	2	14	3	10	1	2	4	2	2	4	4	4	2	3	4	3	4	4	3	3	3	3	3	3	3	2	3	2	4	3	2	3	2	2	3	3	3	2	3	2	2	3	2	3	3	4	3	3	2	3	4	3	2	3	4	2	3	2	4	3	3	3	4
1005671134	2020/10/12 17:06	1	34	4	4	2	3	1	2	1	2	2	2	2	1	1	2	1	2	2	2	1	2	1	2	2	2	2	2	1	2	2	1	2	2	1	2	2	1	1	2	1	2	1	1	1	1	1	1	1	1	2	1	2	1	2	1	1	1	1	1	2	3	2	2	1
1005745008	2020/10/13 07:54	1	19	2	14	3	10	1	2	3	3	3	3	3	3	3	3	3	3	3	3	3	3	3	3	3	3	3	3	3	3	3	3	3	3	3	3	3	3	3	3	3	3	3	3	3	3	3	3	3	3	3	3	3	3	3	3	3	3	3	3	3	3	3	3	3
1005748396	2020/10/12 23:29	2	41	5	13	3	3	1	2	4	5	5	4	5	5	4	3	4	4	4	4	5	5	5	5	4	4	4	5	5	5	5	5	5	5	4	4	4	4	4	5	4	5	5	5	5	4	4	5	4	4	4	5	4	4	4	4	4	4	5	4	5	5	4	4	4
1005770125	2020/10/12 16:58	1	47	5	14	3	11	1	2	3	4	4	5	4	4	4	4	4	4	3	3	3	3	4	3	3	3	4	3	4	3	5	4	4	4	4	4	4	3	3	3	3	4	4	4	4	4	3	4	3	5	4	4	4	3	4	4	3	3	3	3	4	3	4	4	4
1005786922	2020/10/12 19:05	1	26	3	28	5	3	1	2	1	2	3	1	3	2	3	2	2	1	2	3	3	2	3	3	2	3	2	2	1	3	3	3	2	2	3	3	2	3	2	3	2	1	3	1	2	3	1	3	2	2	3	1	2	3	2	3	1	2	2	3	2	2	1	2	3
1005812417	2020/10/12 18:30	1	26	3	12	3	9	1	2	1	1	1	1	1	1	2	1	1	1	1	1	1	1	1	1	1	2	1	1	1	1	2	1	1	1	1	1	1	1	1	1	1	1	1	1	1	1	1	1	1	1	1	1	1	2	1	1	1	1	1	1	1	1	1	1	1
1005850473	2020/10/12 16:35	1	21	3	19	4	9	1	2	1	1	1	1	1	1	1	1	1	1	1	1	1	1	1	1	1	1	1	1	1	1	1	1	1	1	1	1	1	1	1	1	1	1	1	1	1	1	1	1	1	1	1	1	1	1	1	1	1	1	1	1	1	1	1	1	1
1005891054	2020/10/13 00:01	2	30	4	11	3	8	2	2	3	2	3	3	3	3	2	2	4	3	2	2	3	2	3	3	3	2	2	2	4	2	2	3	3	3	2	2	2	2	3	3	2	3	3	2	2	3	3	2	2	3	3	2	3	3	3	3	2	3	2	3	2	3	3	3	3
1005911265	2020/10/12 20:14	2	30	4	27	5	8	2	1	3	3	3	3	3	3	3	3	3	3	3	3	3	3	3	3	3	3	3	3	3	3	3	3	3	3	3	3	3	3	3	3	3	3	3	3	3	3	2	3	3	3	3	3	4	3	3	3	3	3	3	3	3	3	3	3	3
1005912106	2020/10/12 18:43	2	34	4	42	8	1	1	2	4	4	4	4	4	4	4	4	4	4	4	4	4	4	4	4	4	4	5	4	4	4	4	4	4	4	4	4	4	5	5	5	5	5	5	5	5	5	5	5	5	5	5	5	5	5	5	5	5	5	5	5	5	5	5	5	5
1005953566	2020/10/12 21:37	2	36	4	20	4	5	2	1	3	3	3	3	3	3	3	3	3	3	3	3	3	3	3	3	3	3	3	4	3	3	3	3	3	4	3	4	3	4	3	3	3	3	3	3	3	3	3	3	3	3	3	3	3	4	4	3	4	3	3	3	3	3	3	4	3
1005972667	2020/10/12 23:19	1	19	2	23	4	10	1	2	2	3	2	1	2	1	3	1	3	3	3	3	1	3	3	1	3	4	3	3	3	3	3	3	3	3	3	3	3	3	3	3	3	4	5	4	3	3	3	3	4	3	3	3	3	5	3	3	3	2	4	3	3	3	3	3	3
1006040076	2020/10/12 19:42	1	45	5	46	8	3	1	2	2	2	2	2	2	2	2	2	3	2	2	2	2	2	3	2	2	2	2	3	3	3	3	3	3	3	3	3	3	4	3	3	3	3	3	3	3	3	4	3	3	3	3	3	3	3	3	3	4	3	3	3	3	3	3	3	3
1006054242	2020/10/12 18:15	2	16	2	23	4	10	1	2	3	2	4	4	3	4	4	4	2	3	3	1	3	3	3	3	3	3	4	3	3	3	3	3	4	3	4	3	3	3	2	3	3	3	4	3	3	4	3	3	3	3	3	3	3	3	3	3	3	3	3	3	3	3	3	3	3
1006058600	2020/10/12 20:16	2	39	4	40	8	3	1	1	2	2	2	3	2	2	3	2	2	2	2	1	2	3	2	2	2	2	2	2	2	1	2	2	2	2	1	2	2	1	1	1	2	2	2	2	2	2	2	2	2	2	2	2	2	2	2	2	1	2	2	2	2	2	2	2	2
1006102884	2020/10/12 18:17	2	30	4	35	6	3	1	2	2	2	2	2	2	2	2	2	2	2	2	2	2	2	2	2	2	2	2	2	2	2	2	2	2	2	2	2	2	2	2	2	2	2	2	2	2	2	2	2	2	2	2	2	2	2	2	2	2	2	2	2	2	2	2	2	2
1006122586	2020/10/12 20:14	1	31	4	8	3	5	1	2	5	5	5	5	5	5	5	5	5	5	5	5	5	5	5	5	5	5	5	5	5	5	5	5	5	5	5	5	5	5	5	5	5	5	5	5	5	5	5	5	5	5	5	5	5	5	5	5	5	5	5	5	5	5	5	5	5
1006135689	2020/10/12 22:31	2	35	4	10	3	8	2	1	4	3	4	2	2	2	4	2	2	1	2	2	3	2	2	1	2	2	1	1	1	4	1	1	2	1	1	2	1	2	2	2	1	2	1	4	4	1	1	1	4	1	1	2	1	2	2	1	1	1	2	1	2	1	2	2	1
1006153127	2020/10/13 17:25	1	17	2	27	5	10	1	2	3	3	3	3	3	3	3	3	3	3	3	3	3	3	3	3	3	3	3	3	3	3	3	3	3	3	3	3	3	3	3	3	3	3	3	3	3	3	3	3	3	3	3	3	3	3	3	3	3	3	3	3	3	3	3	3	3
1006188633	2020/10/12 17:48	1	31	4	36	7	4	2	2	2	3	3	2	3	3	1	2	2	2	3	3	3	4	2	1	3	4	3	1	1	1	2	2	1	3	2	3	4	4	4	2	4	3	2	2	2	3	2	2	1	2	1	3	1	2	2	3	3	2	2	1	2	1	2	2	3
1006207524	2020/10/13 04:09	2	34	4	12	3	9	2	2	4	3	4	3	2	5	5	5	5	2	2	2	2	2	4	3	2	3	3	4	3	3	5	4	5	5	5	5	3	3	3	3	3	3	3	3	3	4	3	3	3	4	3	4	3	3	5	3	3	3	3	3	3	3	3	3	4
1006208806	2020/10/12 17:04	1	30	4	11	3	3	1	2	3	3	3	2	3	3	2	4	3	4	4	3	3	3	3	3	3	3	3	3	3	2	3	3	4	3	3	3	4	3	3	3	3	3	3	3	3	3	3	3	2	2	2	3	3	4	3	3	3	3	3	4	3	3	3	3	2
1006240227	2020/10/12 17:58	1	37	4	20	4	5	2	1	4	4	4	4	4	4	4	4	4	3	3	3	4	4	3	4	3	3	3	4	4	4	4	4	4	4	4	4	3	3	3	3	4	3	4	4	4	3	4	4	4	4	4	4	4	4	4	3	3	3	3	4	3	4	4	3	3
1006262827	2020/10/12 17:45	1	42	5	46	8	4	2	1	1	1	1	1	1	1	1	1	1	1	1	1	1	1	1	1	1	1	1	1	1	1	1	1	1	1	1	1	1	1	1	1	1	1	1	1	1	1	1	1	1	1	1	1	1	1	1	1	1	1	1	1	1	1	1	1	1
1006267610	2020/10/12 17:08	1	42	5	3	2	9	2	1	5	5	4	5	5	5	5	3	3	4	3	3	5	4	5	5	3	3	4	5	5	5	5	5	5	5	3	3	5	5	3	4	5	5	5	5	5	4	5	5	4	5	5	5	5	3	3	5	4	3	4	4	5	4	5	5	5
1006297312	2020/10/12 17:18	1	16	2	27	5	10	1	2	3	3	3	3	3	2	3	2	5	3	3	2	4	3	4	4	4	2	2	4	2	3	3	3	4	2	3	2	3	3	3	4	4	3	2	3	4	2	4	3	3	4	3	2	3	3	5	3	3	3	3	3	3	3	3	3	3
1006320494	2020/10/12 17:20	1	12	1	1	1	10	1	2	1	1	1	1	1	1	1	1	1	1	1	1	1	1	1	1	1	1	1	1	1	1	1	1	1	1	1	1	1	1	1	1	1	1	1	1	1	1	1	1	1	1	1	1	1	1	1	1	1	1	1	1	1	1	1	1	1
1006362183	2020/10/12 21:25	2	38	4	34	6	8	2	1	4	4	3	4	4	4	4	2	4	2	1	3	4	4	3	3	2	3	3	4	4	3	3	3	3	4	2	4	2	1	2	3	4	3	3	3	3	3	4	3	3	3	4	3	4	2	3	2	1	2	3	3	3	3	3	3	3
1006415830	2020/10/12 20:12	1	47	5	15	4	4	2	1	3	4	3	4	3	3	3	3	3	3	3	3	3	3	3	3	3	3	2	3	3	3	3	2	3	3	2	3	2	3	4	3	3	3	3	3	4	3	3	2	4	2	2	3	4	3	4	2	3	3	3	3	3	3	3	4	3
1006450422	2020/10/12 19:44	2	22	3	21	4	10	1	2	2	4	4	5	5	4	4	3	4	3	3	3	4	4	4	4	3	3	4	3	4	4	5	5	4	4	3	4	3	3	3	4	4	4	4	3	3	4	4	4	4	5	4	4	4	3	4	3	3	3	3	4	4	4	4	4	4
1006462968	2020/10/12 18:50	1	45	5	5	2	9	1	2	3	3	3	3	3	3	3	3	3	3	2	3	3	3	3	3	3	3	3	3	2	3	3	3	3	3	3	3	3	3	3	3	3	3	3	3	3	3	3	2	3	3	3	3	3	3	3	3	3	3	3	3	3	3	3	3	3
1006469095	2020/10/12 21:59	1	27	3	11	3	4	1	2	2	2	2	2	1	2	2	2	1	2	2	2	1	2	1	1	2	2	2	2	2	1	2	2	1	2	1	2	2	2	2	2	2	2	1	1	1	2	2	2	1	2	2	2	1	2	2	2	2	2	2	2	2	2	1	2	2
1006562345	2020/10/13 00:14	1	23	3	27	5	10	1	2	3	2	2	3	3	3	3	3	3	3	3	3	3	3	3	3	3	3	3	3	3	3	2	3	3	3	3	2	3	3	3	3	3	3	3	3	3	3	4	4	3	4	3	3	3	4	3	4	3	3	3	3	3	4	3	3	4
1006571885	2020/10/12 17:54	1	29	3	12	3	5	1	2	1	1	2	3	3	3	3	3	3	4	4	4	4	4	4	4	4	4	4	3	3	3	5	4	4	4	4	3	4	4	4	4	3	3	4	4	3	4	3	3	4	4	3	4	5	4	4	3	3	3	3	3	3	4	3	3	4
1006578352	2020/10/12 17:47	1	40	5	14	3	5	2	1	2	2	2	2	2	2	2	1	3	1	1	1	2	2	2	2	2	2	2	2	2	1	1	2	1	1	1	2	1	1	1	1	2	2	1	1	2	2	2	2	1	1	1	1	1	1	1	1	2	1	1	1	2	1	1	1	1
1006627268	2020/10/13 01:28	1	17	2	24	5	10	1	2	3	3	2	4	3	2	3	4	2	4	2	4	2	2	3	2	4	3	4	3	4	3	2	3	3	4	2	4	3	4	2	3	2	3	3	4	2	3	3	4	4	4	3	2	3	3	4	3	3	3	2	3	4	3	4	4	2
1006694481	2020/10/12 21:48	1	32	4	24	5	4	1	2	3	3	3	3	3	3	3	3	3	3	3	3	3	3	3	3	3	3	4	3	3	3	3	3	3	3	3	3	3	4	3	3	3	3	3	3	3	3	3	3	3	3	3	3	3	3	3	3	3	3	3	3	3	3	3	3	3
1006742401	2020/10/12 16:59	2	36	4	10	3	3	2	1	2	1	1	2	2	2	4	4	2	4	4	2	3	2	2	3	2	1	2	2	3	2	2	4	2	2	2	1	3	4	3	3	4	2	4	2	3	2	3	2	1	3	2	2	4	3	4	2	2	2	4	2	3	2	4	3	3
1006755867	2020/10/12 21:08	1	20	3	23	4	7	1	2	2	3	3	2	3	3	2	2	3	3	2	3	3	3	2	3	3	2	3	1	2	2	3	3	2	3	3	2	3	3	2	3	2	1	2	3	1	3	2	3	1	1	2	3	3	3	2	1	2	3	2	3	2	3	3	1	3
1006813349	2020/10/12 19:00	2	14	1	13	3	10	1	2	4	2	3	5	3	5	4	3	3	3	1	3	4	3	3	4	3	3	5	2	3	3	5	4	5	4	3	3	3	2	2	4	4	3	5	4	4	4	2	3	3	4	4	5	4	2	3	3	2	3	4	4	3	3	3	3	3
1006817537	2020/10/12 16:53	1	40	5	1	1	1	2	2	1	1	2	3	4	4	4	4	4	5	5	5	5	4	4	4	4	4	5	4	5	4	4	5	5	4	5	5	5	4	5	5	5	4	4	4	4	4	5	4	5	4	4	5	5	5	5	5	4	5	5	5	4	5	5	5	5
1006836706	2020/10/13 03:22	2	16	2	28	5	10	1	2	5	3	3	4	3	4	4	2	4	2	1	1	4	5	5	5	3	4	3	5	5	5	5	5	5	5	5	5	5	1	1	4	4	4	1	1	4	4	3	3	3	3	3	3	3	3	3	3	1	1	3	3	5	5	4	3	3
1006844645	2020/10/12 19:50	1	36	4	14	3	3	2	1	3	3	3	3	3	3	3	3	3	3	3	3	3	3	3	3	3	3	3	3	3	3	3	3	3	3	3	3	3	3	3	3	3	3	3	3	3	3	3	3	3	3	3	3	3	3	3	3	3	3	3	3	3	3	3	3	3
1006862111	2020/10/12 20:12	2	23	3	21	4	10	1	2	4	1	4	4	3	3	3	3	3	2	1	2	4	4	4	4	3	4	4	4	1	4	4	3	4	4	4	4	3	2	3	4	4	4	4	4	4	4	4	1	4	4	2	4	4	4	4	2	2	3	4	4	4	4	4	4	4
1006887284	2020/10/12 19:59	1	36	4	14	3	1	2	1	3	4	4	4	4	4	3	3	4	4	4	3	3	3	3	3	3	3	3	4	3	3	4	3	3	3	3	3	3	3	3	3	3	3	3	3	3	3	4	4	4	4	3	3	3	3	3	3	3	3	3	3	3	3	3	3	3
1006889552	2020/10/12 17:38	2	29	3	13	3	9	2	1	3	4	3	4	5	4	4	3	4	3	4	3	4	4	4	4	3	4	4	4	4	4	3	4	5	4	5	4	4	4	5	4	5	5	4	4	4	5	5	5	4	4	3	4	4	4	3	5	4	4	4	5	4	3	5	4	4
1006920445	2020/10/12 18:53	2	49	5	24	5	8	2	1	2	2	2	2	2	2	3	3	4	3	2	3	3	3	3	3	3	3	3	3	3	3	3	3	3	3	3	4	3	2	2	4	3	4	3	4	3	3	3	3	3	3	3	3	3	3	3	3	3	3	3	2	4	2	2	2	2
1006926691	2020/10/12 22:05	1	23	3	2	2	11	1	2	3	3	3	3	3	3	3	3	3	3	3	3	3	3	3	3	3	3	3	3	3	3	3	3	3	3	3	3	3	3	3	3	3	3	3	3	3	3	3	3	3	3	3	3	3	3	3	3	3	3	3	3	3	3	3	3	3
1006929234	2020/10/12 18:27	1	43	5	40	8	4	2	1	3	4	3	3	3	3	3	3	4	3	3	3	3	3	3	3	3	3	3	3	3	3	3	3	3	3	3	3	3	3	3	3	3	4	3	3	3	3	3	4	3	3	3	3	3	3	3	3	3	3	3	3	3	3	3	3	3
1006929958	2020/10/12 19:26	1	24	3	14	3	4	1	2	3	3	3	3	3	3	3	4	3	3	3	3	3	3	3	3	3	3	3	3	3	3	3	4	3	3	3	3	3	3	4	4	3	3	3	3	3	3	3	3	4	4	3	3	3	3	3	3	3	3	3	3	3	3	3	4	3
1006931059	2020/10/12 18:52	1	19	2	27	5	10	1	2	3	2	3	3	3	2	2	3	2	3	3	3	2	2	3	3	3	3	3	3	3	3	3	3	3	3	3	3	3	3	2	1	1	3	3	1	3	3	1	3	3	2	3	3	1	2	2	3	1	2	2	2	3	2	3	2	3
1006966883	2020/10/13 14:30	1	16	2	9	3	10	1	2	4	5	5	5	5	4	4	5	4	4	4	3	5	5	4	4	3	3	3	4	5	5	5	5	4	4	4	3	3	4	3	5	5	4	5	4	4	3	5	5	5	5	5	4	5	4	3	4	4	4	5	5	4	5	5	3	3
1006999061	2020/10/12 18:13	2	19	2	13	3	10	1	2	4	4	4	4	4	4	4	4	4	4	4	4	4	4	4	4	4	4	5	4	5	5	5	5	5	5	5	5	5	5	5	5	5	5	5	5	5	5	5	5	5	5	5	5	5	5	5	5	5	5	5	5	5	5	5	5	5
1006999096	2020/10/12 23:26	2	44	5	11	3	4	1	2	3	3	3	3	3	3	3	3	3	3	1	1	1	1	1	1	1	1	1	2	2	3	3	3	3	2	3	3	3	1	1	3	3	1	2	3	3	3	3	3	3	3	3	3	3	3	3	3	3	3	3	3	3	3	3	3	3
1007001753	2020/10/12 18:47	2	18	2	12	3	10	1	2	4	4	4	5	3	5	3	3	4	3	3	5	4	3	3	3	3	3	3	3	4	4	4	3	3	3	3	4	3	3	3	3	3	3	3	3	3	3	3	3	3	3	3	2	2	3	3	3	2	3	3	2	2	2	2	2	2
1007003057	2020/10/12 16:38	2	19	2	13	3	10	1	2	2	2	2	3	3	3	3	3	4	3	3	2	3	2	3	2	2	1	1	1	1	2	2	3	2	2	2	2	3	2	2	2	3	3	1	3	2	2	1	3	2	1	1	2	3	3	2	3	2	2	3	2	2	3	2	2	1
1007003661	2020/10/13 00:18	1	27	3	11	3	3	2	2	2	2	2	3	3	2	2	2	2	3	2	2	2	3	2	3	3	3	2	2	2	3	2	1	2	2	3	2	1	2	2	3	2	2	2	3	2	2	2	2	3	2	2	1	2	2	2	3	2	2	2	1	2	2	3	2	2
1007026344	2020/10/12 19:09	2	14	1	46	8	10	1	2	4	5	3	5	4	3	4	3	3	3	3	3	3	3	3	3	2	2	3	4	4	3	4	3	3	4	3	3	3	3	3	3	4	3	3	3	3	4	4	4	3	4	3	3	3	3	3	3	3	3	3	3	3	3	3	3	4
1007031554	2020/10/12 17:03	2	20	3	13	3	10	1	2	2	2	4	3	4	3	3	3	3	3	3	3	4	3	3	3	3	3	3	3	3	4	2	3	2	4	3	3	3	3	3	3	3	3	3	3	3	3	4	3	4	3	4	3	4	3	4	3	3	3	4	3	3	4	4	3	4
1007056128	2020/10/12 16:56	1	31	4	14	3	3	1	2	3	3	3	3	3	3	3	3	3	3	3	3	3	3	3	3	3	3	3	3	3	3	3	3	3	3	3	3	3	3	3	3	3	3	3	3	3	3	3	3	3	3	3	3	3	3	3	3	3	3	3	3	3	3	3	3	3
1007060836	2020/10/12 17:03	1	33	4	14	3	5	2	1	3	4	4	5	4	4	4	4	5	4	4	4	4	4	4	4	5	4	4	5	4	5	4	4	4	4	5	4	5	4	4	5	4	4	4	4	4	4	4	4	5	4	4	4	4	4	4	4	4	4	4	4	3	4	4	4	4
1007064108	2020/10/12 16:56	2	45	5	27	5	8	2	1	3	3	3	4	3	3	2	3	4	2	2	1	3	3	3	3	3	3	3	3	3	3	4	3	4	3	3	3	3	3	2	3	3	3	3	3	3	3	4	4	4	4	3	3	3	3	3	3	3	3	3	3	3	3	3	3	3
1007069017	2020/10/12 21:02	1	38	4	13	3	5	1	2	3	3	3	3	3	3	3	3	3	3	3	3	3	3	3	3	3	3	3	3	3	3	3	3	3	3	3	3	3	3	3	3	3	3	3	3	3	3	3	3	3	3	3	3	3	3	3	3	3	3	3	3	3	3	3	3	3
1007073671	2020/10/12 21:52	1	28	3	2	2	4	1	2	2	1	2	1	1	1	1	1	1	1	1	1	1	1	1	1	1	1	2	3	3	3	3	3	3	3	3	3	3	3	3	3	3	3	3	3	3	3	3	3	3	3	3	3	3	3	3	3	3	3	3	3	3	3	3	3	3
1007075670	2020/10/12 17:24	1	38	4	11	3	3	1	2	3	3	3	4	4	4	4	5	4	3	3	2	3	3	4	4	2	3	2	3	2	3	3	4	3	3	2	2	4	3	4	3	2	3	2	3	3	2	3	2	3	3	4	3	2	3	3	3	4	2	3	4	3	2	3	3	3
1007127209	2020/10/14 06:32	2	26	3	13	3	5	1	2	4	4	3	4	4	4	3	3	4	3	3	3	3	3	3	3	4	3	3	3	3	4	3	3	3	3	4	3	4	4	4	4	3	4	4	4	3	4	4	4	4	3	3	4	3	4	4	3	3	3	3	4	4	3	3	3	4
1007137956	2020/10/12 17:27	2	26	3	22	4	6	1	2	4	3	2	5	3	3	4	3	3	1	3	3	4	4	5	4	3	3	4	4	3	3	4	4	3	5	4	3	1	2	3	3	3	5	4	4	3	4	3	3	3	3	3	3	3	3	4	1	3	3	3	3	5	5	4	3	5
1007148958	2020/10/12 18:51	2	49	5	29	5	9	1	2	5	3	3	1	1	1	4	3	1	3	1	2	3	4	3	3	3	3	3	3	3	3	3	3	3	3	3	3	3	3	3	3	3	3	3	3	3	3	3	3	3	3	3	3	3	3	3	3	3	3	3	3	3	3	3	3	3
1007186926	2020/10/12 17:30	2	14	1	13	3	10	1	2	4	4	3	4	3	3	3	3	4	1	1	1	3	3	3	3	3	3	4	1	4	1	1	1	1	1	1	1	1	1	1	1	1	1	1	1	1	5	3	3	3	3	3	3	3	3	3	3	3	3	3	3	3	3	3	3	5
1007188507	2020/10/12 19:15	1	43	5	14	3	3	1	2	3	3	3	3	3	3	3	3	3	3	3	3	3	3	3	3	3	3	3	3	3	3	3	3	3	3	3	3	3	3	3	3	3	3	3	3	3	3	3	3	3	3	3	3	3	3	3	3	3	3	3	3	3	3	3	3	3
1007196717	2020/10/12 22:26	2	20	3	28	5	10	1	2	4	4	4	4	4	5	3	3	4	4	4	2	4	3	4	4	3	4	4	4	4	4	4	4	4	4	3	4	4	4	2	4	3	4	4	4	4	4	4	4	4	4	4	4	3	4	4	4	4	2	4	3	4	4	4	4	4
1007209843	2020/10/12 17:05	1	17	2	27	5	10	1	2	1	1	4	5	3	4	4	2	3	2	3	4	4	5	4	3	3	3	4	4	4	4	4	4	4	4	3	3	2	3	3	3	4	4	4	4	4	4	5	5	5	3	4	4	4	4	4	3	3	4	4	5	4	4	4	3	4
1007226158	2020/10/12 21:49	1	16	2	11	3	10	1	2	4	4	5	4	4	5	5	5	5	4	4	5	3	5	5	3	5	4	5	5	4	4	4	5	4	5	4	5	5	5	5	4	5	5	5	4	4	3	4	4	5	5	5	4	5	4	3	4	4	4	2	3	4	4	4	4	4
1007228853	2020/10/12 19:05	1	13	1	11	3	10	1	2	4	4	4	4	4	4	4	4	5	4	2	2	2	2	3	3	3	3	3	2	2	2	3	3	3	2	3	3	2	2	4	3	3	2	2	3	3	2	3	2	2	2	3	3	4	4	3	3	3	4	2	3	3	3	3	2	2
1007240857	2020/10/12 16:34	1	48	5	27	5	2	1	1	5	5	5	5	5	5	4	5	4	4	4	5	4	4	4	4	4	4	4	5	5	5	5	4	5	5	5	5	5	5	5	4	5	4	5	5	5	5	4	4	5	5	4	4	4	5	5	5	5	5	4	4	4	4	4	4	4
1007261014	2020/10/12 16:47	2	13	1	34	6	11	1	2	1	1	1	1	1	1	1	1	1	1	1	1	1	1	1	1	1	1	1	1	1	1	1	1	1	1	1	1	1	1	1	1	1	1	1	1	1	1	1	1	1	1	1	1	1	1	1	1	1	1	1	1	1	1	1	1	1
1007276395	2020/10/12 19:07	2	18	2	12	3	11	1	2	4	4	3	4	4	4	4	4	4	3	3	3	4	4	4	4	4	4	4	4	4	4	4	4	4	4	4	4	4	4	4	4	4	4	4	4	4	4	4	4	4	4	4	4	4	4	4	4	4	4	4	4	4	4	4	4	4
1007284883	2020/10/12 16:34	2	13	1	2	2	10	1	2	4	4	3	4	4	3	2	3	3	2	1	1	2	3	3	3	3	4	3	4	4	3	4	4	3	3	3	3	2	1	1	3	3	3	3	3	3	3	4	4	3	4	4	3	3	3	3	2	1	1	3	3	3	3	3	3	3
1007299861	2020/10/12 18:48	2	13	1	13	3	10	1	2	3	3	3	3	3	3	3	3	3	3	3	3	3	3	3	3	3	3	3	3	3	3	3	3	3	3	3	3	3	3	3	3	3	3	3	3	3	3	3	3	3	3	3	3	3	3	3	3	3	3	3	3	3	3	3	3	3
1007300743	2020/10/13 17:26	1	17	2	29	5	10	1	2	3	3	3	3	3	3	3	3	3	3	3	3	3	3	3	3	3	3	3	3	3	3	3	3	3	3	3	3	3	3	3	3	3	3	3	3	3	3	3	3	3	3	3	3	3	3	3	3	3	3	3	3	3	3	3	3	3
1007316563	2020/10/12 21:58	1	38	4	23	4	11	2	1	4	4	4	3	3	3	1	1	4	1	1	5	5	4	3	3	3	3	3	3	3	3	4	3	3	4	3	4	1	3	5	5	4	3	3	5	4	2	3	3	3	3	3	3	4	3	4	3	3	5	5	5	3	5	5	3	3
1007316731	2020/10/12 18:46	2	14	1	40	8	10	1	2	2	2	2	2	2	2	2	2	2	2	2	2	2	3	2	2	2	2	4	2	2	2	2	2	2	2	2	2	2	2	2	2	2	2	2	2	2	3	2	3	2	2	3	2	3	3	2	3	3	3	3	2	2	3	2	2	3
1007322479	2020/10/12 16:58	2	16	2	42	8	10	1	2	4	3	3	3	3	3	2	3	3	3	3	3	3	2	3	3	3	3	3	3	4	3	3	3	3	2	3	3	3	3	3	3	2	3	3	3	3	3	4	3	3	3	3	3	2	3	3	3	3	3	3	2	3	3	3	3	3
1007337373	2020/10/13 13:00	1	19	2	13	3	10	1	2	2	1	2	1	1	3	3	1	2	2	3	1	2	3	3	3	1	2	3	1	2	3	1	2	3	3	3	2	2	3	1	2	3	3	2	2	3	2	1	1	3	3	3	1	2	2	3	2	2	3	3	1	2	2	3	3	3
1007340402	2020/10/12 19:12	1	18	2	27	5	10	1	2	4	4	4	5	4	4	2	2	4	2	1	2	4	4	2	2	2	2	5	4	5	4	5	4	4	2	2	4	1	1	2	2	2	2	2	2	2	4	4	5	5	4	2	2	2	4	2	2	2	2	2	2	2	2	4	2	5
1007342444	2020/10/12 19:57	1	20	3	1	1	10	1	2	5	5	5	5	5	5	5	5	5	5	5	5	5	5	5	5	5	5	5	1	1	1	1	1	1	1	1	1	1	1	1	1	1	1	1	1	1	1	1	1	1	1	1	1	1	1	1	1	1	1	1	1	1	1	1	1	1
1007388197	2020/10/13 00:43	2	15	2	14	3	10	1	2	4	2	4	5	2	4	3	4	2	1	2	1	2	2	3	4	2	2	2	4	2	4	5	2	3	3	4	2	1	2	1	2	2	3	3	2	2	2	4	2	2	5	2	3	2	4	2	1	2	1	1	2	3	2	3	1	2
1007393109	2020/10/12 19:33	1	18	2	10	3	10	1	2	1	2	3	4	5	4	3	2	1	2	3	4	5	4	3	2	1	2	3	1	2	3	4	5	4	3	2	1	2	3	4	5	4	3	2	1	2	3	1	2	3	4	5	4	3	2	1	2	3	4	5	4	3	2	1	2	3
1007393548	2020/10/12 20:08	1	15	2	27	5	10	1	2	5	5	5	5	5	5	5	5	5	5	5	5	5	5	5	5	5	5	5	1	1	1	1	1	1	1	1	1	1	1	1	1	1	1	1	1	1	1	1	1	1	1	1	1	1	1	1	1	1	1	1	1	1	1	1	1	1
1007394754	2020/10/12 20:58	1	38	4	13	3	2	2	1	2	3	3	3	3	3	3	3	3	3	3	3	3	3	3	3	3	3	3	2	3	3	3	3	3	3	3	3	3	3	3	3	3	3	3	3	3	3	3	3	3	3	3	3	3	3	3	3	3	3	3	3	3	3	3	3	3
1007406969	2020/10/13 10:56	2	21	3	2	2	10	1	2	3	4	3	4	4	4	3	3	4	3	3	3	3	3	4	4	3	3	4	3	3	3	3	3	3	3	3	3	3	3	3	3	3	3	3	3	3	3	3	3	3	3	3	3	3	3	3	3	3	3	3	3	3	3	3	3	3
1007409383	2020/10/12 17:04	1	25	3	13	3	3	1	2	4	4	4	4	4	4	4	4	4	4	4	3	4	4	4	4	4	3	3	4	4	4	4	4	4	4	4	4	4	4	3	4	4	4	4	4	4	3	4	4	4	4	4	4	4	4	4	4	4	3	4	4	4	4	4	4	3
1007413864	2020/10/12 21:48	1	31	4	27	5	3	2	1	5	4	4	4	5	5	5	4	5	5	4	4	4	5	4	4	4	4	5	5	5	4	4	4	5	4	4	4	4	5	5	4	5	5	5	5	4	4	5	5	4	5	4	5	4	4	4	5	5	5	5	4	4	4	4	5	5
1007415107	2020/10/12 18:33	1	26	3	34	6	5	1	2	3	3	3	3	3	3	3	3	3	3	3	3	3	3	3	3	3	3	3	3	3	3	3	3	3	3	3	3	3	3	3	3	3	3	3	3	3	3	3	3	3	3	3	3	3	3	3	3	3	3	3	3	3	3	3	3	3
1007429757	2020/10/12 18:09	2	14	1	17	4	10	1	2	4	4	4	4	5	4	5	4	3	2	2	1	3	4	4	4	3	3	4	3	3	3	3	4	4	5	3	3	2	2	2	2	2	2	2	2	2	2	3	4	5	4	4	5	5	5	4	2	1	1	1	5	4	4	4	4	5
1007459175	2020/10/12 17:51	2	13	1	12	3	10	1	2	3	3	3	3	3	3	3	3	3	3	3	3	3	3	3	3	3	3	3	3	3	3	3	3	3	3	3	3	3	3	3	3	3	3	3	3	3	3	3	3	3	3	3	3	3	3	3	3	3	3	3	3	3	3	3	3	3
1007472141	2020/10/12 23:14	2	31	4	1	1	3	1	2	3	4	3	3	4	3	5	3	4	3	3	3	3	3	3	4	3	3	4	3	3	3	3	3	3	3	3	3	3	3	3	3	3	3	3	3	3	3	3	3	3	3	3	3	3	3	3	3	3	3	3	3	3	3	3	3	3
1007472877	2020/10/12 19:39	1	39	4	27	5	7	1	2	3	2	3	3	2	3	3	2	3	2	3	2	3	3	2	3	3	2	2	2	3	2	3	2	3	2	3	3	2	3	3	3	2	3	3	3	3	3	2	3	2	3	2	3	3	3	3	2	3	3	3	2	3	3	3	2	3
1007478136	2020/10/12 21:33	1	17	2	13	3	10	1	2	3	2	3	3	3	3	3	3	3	3	3	3	3	3	3	3	3	3	3	3	3	3	3	3	3	3	3	3	3	4	3	3	3	3	3	3	3	3	3	3	2	3	3	3	3	3	3	2	3	3	3	3	3	3	3	3	3
1007486717	2020/10/12 21:20	2	28	3	23	4	6	2	1	2	3	2	1	3	3	2	4	2	2	5	3	4	3	3	2	4	3	1	2	2	2	3	2	3	4	1	5	3	5	4	2	4	1	1	2	4	4	2	2	1	1	4	4	4	2	4	4	2	5	3	2	4	4	2	5	2
1007501473	2020/10/13 00:49	2	19	2	12	3	11	1	2	3	3	3	4	3	5	2	4	2	2	2	2	3	2	2	3	2	2	2	3	3	3	3	3	3	3	3	3	3	3	3	3	3	3	3	3	3	3	3	3	3	4	3	3	2	3	3	3	3	3	4	4	3	3	4	3	3
1007503830	2020/10/12 22:36	2	32	4	13	3	9	1	2	2	3	4	3	2	4	2	4	1	1	3	1	3	2	3	2	2	2	1	3	3	4	3	2	4	2	4	1	1	2	1	3	1	3	3	3	3	1	3	3	4	3	3	4	3	4	2	3	2	1	3	3	4	3	3	3	3
1007530916	2020/10/12 23:09	2	27	3	8	3	5	1	2	3	4	3	4	4	4	4	3	5	3	3	3	3	4	3	3	3	3	4	4	4	5	4	4	4	5	4	5	3	3	3	3	4	3	4	4	4	3	4	4	3	3	3	3	4	3	5	3	3	3	3	4	3	4	4	5	3
1007532697	2020/10/12 21:58	2	46	5	26	5	7	1	1	3	3	3	3	3	3	3	3	3	3	3	3	3	3	3	3	3	3	3	3	3	3	3	3	3	3	3	3	3	3	3	3	3	3	3	3	3	3	3	3	3	3	3	3	3	3	3	3	3	3	3	3	3	3	3	3	3
1007536446	2020/10/12 19:37	2	42	5	38	7	5	2	2	2	3	3	3	3	3	2	2	3	2	2	4	3	3	3	3	3	3	3	3	2	3	3	3	2	3	2	3	2	2	4	3	3	2	3	3	3	3	3	2	3	3	3	2	3	2	3	2	2	4	3	3	3	3	2	3	3
1007539687	2020/10/12 17:27	1	13	1	8	3	10	1	2	5	3	3	5	3	4	4	3	3	3	3	3	3	3	3	3	3	3	3	5	3	3	5	3	3	4	3	3	3	3	3	3	4	3	3	3	3	3	5	3	3	5	3	3	4	3	3	3	3	3	3	4	3	3	3	3	3
1007572266	2020/10/12 17:04	2	26	3	11	3	3	2	1	4	4	4	3	4	4	5	5	5	3	4	5	5	4	3	3	3	3	4	4	3	3	2	3	3	4	4	3	3	2	2	2	2	2	4	5	5	2	3	3	4	3	2	2	1	1	2	3	4	4	4	3	3	3	5	3	4
1007572319	2020/10/12 20:51	2	36	4	2	2	5	1	2	4	4	4	4	4	4	3	3	4	3	3	2	3	3	3	3	3	3	3	3	3	3	3	3	3	3	3	3	3	3	3	3	3	3	3	3	3	3	3	3	3	3	3	3	3	3	3	3	3	3	3	3	3	3	3	3	3
1007576319	2020/10/12 19:13	2	14	1	14	3	10	1	2	1	1	1	1	1	1	1	1	1	1	2	2	1	1	1	1	1	1	2	1	1	1	1	1	1	1	1	1	1	1	1	1	1	1	1	1	1	1	1	1	1	1	1	1	1	1	1	1	1	1	1	1	1	1	1	1	1
1007578142	2020/10/12 22:18	2	24	3	12	3	7	1	2	4	3	3	5	5	4	4	3	3	2	2	2	4	3	3	4	4	3	4	4	4	4	5	4	4	3	3	3	2	2	2	3	3	3	4	4	4	4	4	4	4	5	4	3	3	3	3	2	2	2	3	3	3	3	5	4	4
1007597794	2020/10/12 16:49	1	14	1	14	3	10	1	2	3	2	4	3	3	3	3	3	4	3	4	3	4	3	4	3	4	3	4	4	3	4	4	3	3	3	3	4	4	3	2	3	3	3	3	3	3	4	3	3	4	4	3	3	3	3	4	4	3	4	3	3	4	3	4	4	3
1007599372	2020/10/13 17:31	1	19	2	14	3	10	1	2	3	3	3	3	3	3	3	3	3	3	3	3	3	3	3	3	3	3	3	3	3	3	3	3	3	3	3	3	3	3	3	3	3	3	3	3	3	3	3	3	3	3	3	3	3	3	3	3	3	3	3	3	3	3	3	3	3
1007603506	2020/10/13 04:37	1	26	3	11	3	9	1	2	3	3	4	3	4	3	3	4	3	3	3	3	4	4	4	3	3	3	4	3	3	4	4	3	3	4	4	3	3	3	3	3	4	4	3	3	3	4	3	3	4	4	3	3	4	3	3	3	3	3	3	4	4	3	3	3	4
1007630418	2020/10/12 17:39	2	12	1	11	3	10	2	2	3	3	3	3	2	2	1	3	1	1	1	2	4	5	5	4	3	4	5	3	3	3	2	3	2	1	3	2	5	3	3	5	4	4	4	4	5	3	3	3	3	3	3	3	5	3	4	4	3	3	4	5	4	4	5	5	3
1007639283	2020/10/12 17:37	2	29	3	13	3	5	1	2	4	4	4	4	4	4	4	4	5	4	4	4	4	4	4	4	4	4	4	4	4	3	4	4	4	4	4	5	4	4	4	4	3	3	4	4	3	4	3	4	3	4	4	4	4	4	4	4	4	3	4	4	4	4	4	4	3
1007653174	2020/10/12 20:22	2	25	3	23	4	5	1	2	4	3	3	4	3	4	2	2	2	4	4	2	4	4	4	4	4	3	3	4	4	4	4	3	3	4	2	4	4	4	4	4	4	4	3	4	4	4	4	4	4	4	3	3	4	4	4	4	4	4	4	4	3	4	4	3	3
1007657177	2020/10/12 16:53	2	20	3	11	3	8	2	1	3	3	3	3	3	3	3	3	3	3	3	3	3	3	3	3	3	3	3	3	3	3	3	3	3	3	3	3	3	3	3	3	3	3	3	3	3	3	3	3	3	3	3	3	3	3	3	3	3	3	3	3	3	3	3	3	3
1007658543	2020/10/12 18:41	1	20	3	33	6	10	1	2	3	3	3	3	3	4	3	3	3	3	4	3	3	3	3	4	3	3	3	3	3	3	4	4	4	3	4	3	3	3	3	3	3	3	3	3	3	3	3	3	3	3	3	3	3	3	3	3	3	3	3	3	3	3	3	3	3
1007661592	2020/10/12 20:41	2	26	3	11	3	5	2	2	2	4	4	4	4	4	4	2	2	4	4	4	4	3	3	4	2	2	2	4	4	2	4	4	4	4	2	2	4	4	4	4	2	2	4	2	2	2	4	4	4	4	4	4	2	3	2	4	4	4	4	3	3	4	3	3	2
1007669378	2020/10/13 03:36	1	19	2	4	2	10	1	2	4	4	4	4	4	4	4	4	3	3	3	1	4	3	3	3	3	3	3	3	3	3	3	3	3	3	3	3	3	3	3	3	3	3	3	3	3	3	4	4	4	4	4	4	4	4	3	3	3	1	4	3	3	3	3	3	3
1007672847	2020/10/12 18:29	1	13	1	1	1	10	1	2	4	4	4	4	4	4	4	4	4	4	4	4	4	4	4	4	4	4	4	4	4	4	4	4	4	4	4	4	4	4	4	4	4	4	4	4	4	4	4	4	4	4	4	4	4	4	4	4	4	4	4	4	4	4	4	4	4
1007675170	2020/10/12 17:22	2	28	3	16	4	11	1	2	3	3	3	3	3	3	3	3	3	3	3	3	3	3	3	3	3	3	3	3	3	3	3	3	3	3	3	3	3	3	3	3	3	3	3	3	3	3	1	1	1	1	1	1	1	1	1	1	1	1	1	1	1	1	1	1	1
1007704450	2020/10/13 09:41	1	29	3	11	3	5	1	2	4	5	4	2	2	4	4	2	3	2	2	2	4	2	2	3	3	3	2	4	4	4	4	1	1	4	2	3	2	1	2	2	2	2	3	3	3	2	4	5	4	4	2	4	4	4	3	3	1	2	2	3	2	2	3	3	3
1007714884	2020/10/12 17:59	1	13	1	38	7	10	1	2	4	4	2	5	2	3	3	3	2	1	4	1	1	1	3	3	4	3	4	3	4	4	2	4	4	3	2	3	2	4	3	2	2	3	1	3	4	2	4	3	4	2	4	3	3	4	3	2	3	4	3	3	3	4	3	4	2
1007724230	2020/10/12 19:46	2	18	2	14	3	10	1	2	1	1	1	1	1	1	5	1	1	1	1	1	1	1	1	1	1	1	1	1	2	1	1	1	1	1	2	1	1	1	1	1	1	1	1	1	1	1	2	2	1	2	2	3	3	1	2	2	1	2	2	3	2	2	3	3	1
1007735488	2020/10/12 17:32	1	36	4	13	3	3	2	2	4	4	4	4	3	4	4	4	4	4	4	4	4	4	4	4	4	4	4	4	4	4	4	4	4	4	4	4	4	4	4	4	4	3	4	4	4	4	4	4	3	4	4	4	4	4	4	4	4	4	4	4	4	4	4	4	4
1007751058	2020/10/12 17:58	1	19	2	1	1	10	1	2	3	3	3	4	4	5	3	3	3	3	3	3	5	3	3	5	3	3	3	3	5	3	4	4	5	3	3	3	3	3	3	3	3	3	3	3	3	3	3	4	4	5	3	5	3	3	3	3	3	3	3	3	3	3	3	3	3
1007757157	2020/10/12 18:34	1	36	4	11	3	3	1	2	4	4	4	4	4	4	4	4	4	3	3	2	3	4	5	5	4	4	3	4	4	4	4	4	4	4	4	4	4	3	3	4	4	2	3	4	4	3	4	4	4	4	4	4	4	4	4	4	3	3	4	4	3	3	4	4	3
1007757608	2020/10/12 19:12	1	25	3	14	3	3	1	2	3	3	3	4	3	3	3	3	2	3	3	3	3	2	2	3	3	2	2	4	3	3	4	3	4	4	3	3	4	4	4	3	3	3	3	4	4	3	4	3	4	3	4	3	3	4	3	3	4	4	3	3	3	3	2	3	3
1007762777	2020/10/12 18:09	2	16	2	1	1	11	1	2	3	3	3	3	3	4	4	3	3	2	3	3	3	3	3	3	3	3	3	3	3	3	3	3	4	3	3	3	2	3	3	3	3	3	3	3	3	3	3	3	3	3	3	4	4	3	3	2	3	3	3	3	3	3	4	4	3
1007764417	2020/10/12 16:35	1	47	5	13	3	3	2	1	5	5	5	5	5	4	2	4	3	5	2	2	4	2	2	2	1	1	3	4	4	4	4	4	4	4	4	3	4	2	2	4	2	3	3	2	2	3	4	4	4	4	4	4	4	4	3	4	2	2	4	3	3	3	3	3	3
1007770087	2020/10/12 16:47	2	19	2	13	3	10	1	2	1	1	1	1	1	1	2	2	2	2	1	1	1	1	3	4	3	3	2	2	2	3	3	2	3	3	2	3	3	2	2	2	2	2	1	3	3	1	2	3	1	2	1	2	1	2	1	2	2	2	2	2	2	2	2	2	2
1007793406	2020/10/12 17:18	1	43	5	11	3	4	2	2	4	5	4	5	2	5	2	1	5	2	2	1	3	2	3	4	1	1	2	4	5	3	5	2	5	2	1	5	2	2	1	4	2	3	4	2	2	2	4	5	4	5	2	4	2	2	5	1	1	1	3	2	3	4	4	3	2
1007795333	2020/10/12 22:55	2	21	3	40	8	10	1	2	3	2	2	2	2	2	2	4	4	4	4	1	1	1	1	4	1	1	1	2	2	2	2	2	2	4	2	4	4	4	1	1	1	1	5	2	2	2	2	2	2	2	2	2	4	4	4	4	4	1	2	2	2	2	2	2	2
1007796712	2020/10/12 16:54	1	12	1	27	5	10	1	2	3	1	2	1	3	1	1	3	1	1	2	1	1	1	3	3	4	1	2	2	3	1	1	1	1	1	3	1	3	1	1	2	3	3	1	3	2	1	2	1	3	1	2	1	3	1	3	1	2	2	2	3	2	3	3	1	1
1007796812	2020/10/12 17:48	1	14	1	40	8	10	1	2	4	4	4	4	4	4	4	4	4	4	4	4	4	4	4	4	4	4	4	4	4	4	4	4	4	4	4	4	4	4	4	4	4	4	4	4	4	4	3	3	3	3	3	3	3	3	3	3	3	3	3	3	3	3	3	3	3
1007796971	2020/10/12 19:32	2	18	2	7	2	11	1	2	2	3	3	3	3	3	3	3	3	3	2	3	3	3	3	3	3	3	3	3	3	3	3	3	3	3	3	3	3	3	3	3	3	3	3	3	3	3	4	3	3	3	3	3	3	3	3	3	3	3	3	3	3	3	3	3	3
1007797460	2020/10/12 16:37	1	14	1	4	2	10	1	2	4	1	3	1	5	3	5	3	2	1	1	1	5	4	4	3	2	4	5	4	3	3	4	4	2	5	2	3	1	1	1	3	5	4	3	3	2	5	4	4	4	4	4	4	4	4	4	4	4	4	4	4	4	4	4	4	4
1007798948	2020/10/12 19:42	1	14	1	3	2	10	1	2	5	4	5	4	5	4	5	4	5	2	2	4	2	5	4	3	3	3	5	4	4	3	3	3	3	5	3	4	4	3	3	3	5	3	2	3	3	5	4	2	4	3	3	3	5	3	4	2	2	3	3	5	3	3	5	3	5
1007803346	2020/10/12 20:38	1	35	4	27	5	5	1	2	1	1	1	1	1	1	1	1	1	1	1	1	1	1	1	1	1	1	1	1	1	1	1	1	1	1	1	1	1	1	1	1	1	1	1	1	1	1	1	1	1	1	1	1	1	1	1	1	1	1	1	1	1	1	1	1	1
1007811161	2020/10/12 20:07	1	13	1	20	4	10	1	2	4	4	3	3	4	4	3	2	3	2	4	3	3	4	3	3	3	3	3	3	4	3	3	4	4	3	3	3	3	4	3	3	4	3	3	3	3	3	4	4	3	3	4	4	3	3	3	3	4	3	3	4	4	4	3	3	3
1007819308	2020/10/12 16:41	1	35	4	4	2	5	2	1	3	4	4	5	4	3	4	4	3	2	2	1	4	4	4	2	3	2	3	3	4	4	5	4	2	4	2	3	1	1	1	4	4	4	4	4	4	3	4	2	4	5	4	4	4	3	2	2	1	1	4	4	4	4	3	2	3
1007825721	2020/10/12 21:27	2	40	5	28	5	8	2	1	3	3	3	3	3	3	3	3	3	3	3	3	3	3	3	3	3	3	3	3	3	3	3	3	3	3	3	3	3	3	3	3	3	3	3	3	3	3	3	3	3	3	3	3	3	3	3	3	3	3	3	3	3	3	3	3	3
1007826248	2020/10/12 18:45	2	14	1	13	3	10	1	2	2	2	2	2	2	2	2	2	1	3	1	1	2	2	2	2	2	2	2	2	2	1	2	2	3	2	1	3	2	2	2	3	2	2	3	2	2	2	2	2	3	2	2	2	2	2	2	2	2	1	2	2	2	2	2	2	2
1007826318	2020/10/14 10:41	2	20	3	26	5	10	1	2	3	3	3	3	3	3	3	3	3	3	3	3	3	3	3	3	3	3	3	3	3	3	3	3	3	4	3	4	3	3	3	3	3	3	3	3	3	4	3	3	3	3	3	3	3	3	3	3	3	3	3	3	3	3	3	3	3
1007828750	2020/10/12 19:12	2	13	1	13	3	10	1	2	1	1	2	2	2	2	2	1	1	1	1	1	1	1	1	1	1	1	1	1	1	1	1	1	1	1	1	1	1	1	1	1	1	1	1	3	1	1	1	1	1	1	1	1	1	1	1	1	1	1	1	1	1	1	1	1	1
1007829760	2020/10/12 20:16	1	16	2	13	3	10	1	2	4	4	4	2	2	1	1	2	4	1	1	1	3	1	2	3	2	2	3	4	4	3	3	2	2	2	2	2	2	2	2	2	2	2	2	2	2	2	4	4	3	2	2	2	2	2	2	2	2	2	2	2	2	2	2	2	2
1007829848	2020/10/12 18:05	2	16	2	13	3	10	1	2	4	1	1	1	1	1	4	1	1	1	1	1	1	1	1	1	1	1	1	3	3	3	3	3	3	3	3	3	3	3	3	3	3	3	3	3	3	3	3	3	3	3	3	3	3	3	3	3	3	3	3	3	3	3	3	3	3
1007833532	2020/10/12 16:37	2	13	1	1	1	10	1	2	4	5	4	4	3	3	3	3	4	3	3	3	3	3	5	3	3	3	4	4	4	3	3	3	4	4	4	4	4	3	3	4	3	5	4	5	5	4	4	4	4	4	3	5	4	4	5	4	4	4	5	3	5	4	5	3	4
1007836846	2020/10/13 19:03	1	27	3	23	4	5	2	2	4	3	4	5	3	4	3	3	4	3	3	3	3	4	4	4	3	3	3	4	4	3	5	3	4	3	3	4	3	3	3	3	3	3	5	3	3	3	4	3	3	5	3	4	3	3	4	3	3	3	3	3	3	4	3	3	3
1007839231	2020/10/12 17:03	1	14	1	27	5	10	1	2	3	3	3	3	3	3	3	3	3	3	3	3	3	3	3	4	3	3	3	3	3	3	3	3	3	3	3	3	3	3	3	3	3	3	4	3	3	3	3	3	3	3	3	3	3	3	3	3	3	3	3	3	3	4	3	3	3
1007840250	2020/10/12 17:15	1	43	5	1	1	5	1	1	4	2	2	3	2	3	3	4	4	4	4	4	4	4	4	4	4	4	4	4	4	4	4	4	4	4	3	3	3	4	4	3	3	4	4	3	4	3	4	4	5	5	5	4	5	4	5	5	4	4	4	5	5	5	5	4	5
1007846810	2020/10/12 21:18	2	17	2	20	4	10	1	2	4	4	5	5	2	2	5	5	1	1	1	1	4	5	3	3	3	2	4	4	4	5	5	1	1	4	5	2	1	1	1	3	5	4	3	4	4	4	4	4	5	2	1	1	4	2	2	1	1	1	2	4	2	1	1	1	4
1007847161	2020/10/12 22:41	1	15	2	19	4	10	1	2	3	3	3	3	3	3	3	3	3	3	3	3	3	3	3	3	3	3	3	3	3	3	3	3	3	3	3	3	3	3	3	3	3	3	3	3	3	3	3	3	3	3	3	3	3	3	3	3	3	3	3	3	3	3	3	3	3
1007848034	2020/10/12 18:01	1	13	1	41	8	10	1	2	4	3	2	3	5	4	1	1	3	5	5	5	5	5	5	5	5	5	5	2	3	1	3	5	1	2	1	3	4	4	2	3	3	4	2	2	4	1	2	3	1	2	3	1	2	1	3	1	2	1	2	1	3	1	3	1	2
1007853522	2020/10/12 20:53	1	16	2	30	5	10	1	2	5	4	4	4	4	4	4	3	4	4	5	4	4	4	4	4	4	4	4	3	4	3	3	5	4	4	4	3	5	4	4	3	4	3	3	4	5	4	3	3	4	4	4	3	4	4	3	4	3	4	4	4	4	4	3	3	3
1007860252	2020/10/12 18:09	2	14	1	40	8	10	1	2	5	5	5	5	5	5	5	5	5	5	5	5	4	5	5	5	5	5	5	5	5	5	5	5	5	5	5	5	5	5	5	5	5	5	5	5	5	5	5	5	5	5	5	5	5	5	5	5	5	5	5	5	5	5	5	5	5
1007861068	2020/10/13 13:49	1	21	3	13	3	9	1	2	5	5	5	5	5	5	5	5	5	5	5	5	5	5	5	5	5	4	5	5	4	4	4	5	5	5	5	4	5	5	4	5	4	5	4	5	5	5	5	4	5	5	4	5	4	5	5	5	4	5	5	4	5	5	5	5	4
1007861094	2020/10/15 16:49	2	20	3	11	3	4	1	2	3	3	5	5	3	5	4	4	4	2	1	1	4	3	3	3	3	3	3	3	3	3	3	3	3	3	3	3	3	3	3	3	3	3	3	3	3	3	3	3	3	3	3	3	3	3	3	3	3	3	3	3	3	3	3	3	3
1007867092	2020/10/12 17:03	1	12	1	35	6	10	1	2	4	2	3	2	2	3	3	2	4	5	3	3	3	4	4	4	4	4	5	3	4	3	3	2	3	4	3	4	5	3	3	3	4	3	3	3	3	4	3	3	3	3	2	3	4	3	4	4	3	3	3	4	3	4	4	4	4
1007868391	2020/10/12 18:53	2	14	1	27	5	10	1	2	1	1	1	1	1	1	1	1	1	1	1	1	1	1	1	1	1	1	1	1	1	1	1	1	1	1	1	1	1	1	1	1	1	1	1	1	1	1	1	1	1	1	1	1	1	1	1	1	1	1	1	1	1	1	1	1	1
1007868606	2020/10/14 00:01	2	21	3	23	4	5	1	2	4	1	4	2	2	3	2	2	2	3	4	1	4	4	4	3	3	3	4	4	2	1	4	4	4	3	2	3	1	1	2	4	4	4	4	4	4	4	5	2	2	4	4	4	5	4	4	2	2	2	5	5	5	5	5	5	5
1007870357	2020/10/12 16:41	1	27	3	14	3	3	1	2	3	2	3	3	3	5	1	3	4	3	3	3	2	3	3	4	3	2	2	3	3	3	3	3	3	3	3	3	3	3	3	3	3	3	3	3	3	3	3	3	3	3	3	4	3	3	3	3	3	3	3	3	3	4	3	3	3
1007870377	2020/10/12 23:32	2	18	2	27	5	10	1	2	4	2	4	5	2	2	2	3	5	2	1	2	2	3	2	3	3	1	5	3	2	1	1	2	2	2	3	2	2	3	3	2	2	1	2	1	3	2	2	3	2	2	1	2	1	1	2	2	2	2	3	3	1	1	3	4	5
1007870985	2020/10/12 16:50	2	41	5	35	6	8	2	1	2	2	2	2	2	2	3	3	4	3	2	2	2	2	2	2	2	2	2	3	3	3	3	2	3	3	2	4	3	2	2	3	4	3	3	3	2	2	3	3	3	3	3	3	4	4	4	3	3	2	2	2	3	2	3	2	2
1007872920	2020/10/12 21:41	2	15	2	4	2	10	1	2	2	1	1	1	1	1	1	1	1	1	1	1	1	1	1	1	1	1	1	1	1	1	1	1	1	1	1	1	1	1	1	1	1	1	1	1	1	1	1	1	1	1	1	1	1	1	1	1	1	1	1	1	1	1	1	1	1
1007877000	2020/10/13 08:35	1	19	2	43	8	10	1	2	1	1	1	1	1	1	1	1	1	1	1	1	1	1	1	1	1	1	1	1	1	1	1	1	1	1	1	1	1	1	1	1	1	1	1	1	1	1	1	1	1	1	1	1	1	1	1	1	2	1	1	1	1	1	1	1	1
1007877592	2020/10/13 07:23	2	25	3	23	4	3	2	1	3	3	3	3	3	3	3	3	3	3	3	3	3	3	3	3	3	3	2	3	3	3	3	3	3	3	3	3	3	3	3	3	3	3	3	3	3	3	3	3	3	3	3	3	3	3	3	3	3	3	3	3	3	3	3	3	3
1007879194	2020/10/13 01:58	1	23	3	27	5	10	1	2	4	4	4	4	4	4	4	4	4	2	4	3	1	1	1	1	2	1	1	4	2	2	2	2	2	2	2	2	3	1	1	4	2	4	2	2	4	2	1	1	1	1	3	4	4	4	2	1	3	3	4	4	5	2	2	4	2
1007883216	2020/10/12 17:24	2	14	1	8	3	10	1	2	3	3	3	4	3	3	5	3	4	4	3	2	2	3	5	3	3	4	4	3	3	3	4	3	3	5	3	5	4	3	3	4	2	4	4	3	3	4	3	3	3	4	3	4	3	3	4	3	3	3	2	3	3	3	4	4	4
1007883403	2020/10/12 16:59	2	14	1	37	7	10	1	2	1	2	2	1	2	1	1	1	1	1	1	1	2	1	1	2	1	1	1	1	2	2	1	2	1	1	1	1	1	1	1	2	1	1	2	1	1	1	1	2	1	1	1	1	1	1	1	1	1	1	1	1	1	1	1	1	1
1007884016	2020/10/12 21:37	2	25	3	1	1	11	1	2	4	4	3	4	4	4	4	3	4	4	2	2	4	4	4	3	3	3	4	4	4	4	4	3	3	3	3	3	3	3	3	3	4	4	4	4	4	4	4	3	3	3	3	4	3	3	4	3	3	4	4	3	4	3	3	3	2
1007884566	2020/10/12 19:59	2	17	2	32	6	11	1	2	1	1	1	1	1	1	1	1	1	1	1	1	1	1	1	1	1	1	1	2	2	2	2	2	1	2	2	2	2	2	2	2	2	2	2	2	2	2	2	2	2	2	2	2	2	2	2	2	2	2	2	2	2	2	2	2	2
1007885235	2020/10/12 18:03	1	16	2	22	4	10	1	2	1	1	1	1	2	3	5	3	5	4	4	3	5	1	5	5	3	1	1	1	1	1	1	1	5	5	3	5	5	5	3	5	1	3	5	1	1	1	1	1	1	1	1	5	5	3	5	5	3	1	5	3	3	3	4	3	3
1007887261	2020/10/12 18:20	1	14	1	15	4	10	1	2	3	3	3	3	3	3	3	3	3	3	3	3	3	3	3	3	3	3	3	3	3	3	3	3	3	3	3	3	3	3	3	3	3	3	3	3	3	3	3	3	3	3	3	3	3	3	3	3	3	3	3	3	3	3	3	3	3
1007887350	2020/10/12 23:36	1	15	2	13	3	10	1	2	5	4	4	5	3	5	4	3	1	1	1	1	1	1	3	3	3	3	1	3	3	3	3	3	4	3	4	2	1	1	1	2	2	3	4	3	3	1	4	2	2	2	2	4	3	3	1	1	1	1	2	1	3	5	3	2	1
1007887908	2020/10/12 17:29	1	14	1	12	3	10	1	2	3	3	3	3	3	3	3	3	3	3	3	3	3	3	3	3	3	3	3	3	3	3	3	3	3	3	3	3	3	3	3	3	3	3	3	3	3	3	3	3	3	3	3	3	3	3	3	3	3	3	3	3	3	3	3	3	3
1007888256	2020/10/12 19:59	1	14	1	23	4	10	1	2	1	1	1	1	1	1	1	1	1	1	1	1	1	1	1	1	1	1	1	1	1	1	1	1	1	1	1	1	1	1	1	1	1	1	1	1	1	1	1	1	1	1	1	1	1	1	1	1	1	1	1	1	1	1	1	1	1
1007890091	2020/10/12 16:56	1	14	1	11	3	10	1	2	4	3	3	4	4	5	2	2	4	2	1	3	4	4	4	5	2	2	4	3	3	2	4	4	3	2	3	3	5	3	5	1	3	1	4	3	5	5	4	2	2	4	4	4	3	3	2	1	1	3	4	4	4	4	4	4	4
1007890266	2020/10/12 18:24	2	16	2	13	3	10	1	2	5	1	3	3	3	3	3	3	3	3	3	3	3	3	3	3	3	3	3	3	3	3	3	3	3	3	3	3	3	3	3	3	3	3	3	3	3	3	3	3	3	3	3	3	3	3	3	3	3	3	3	3	3	3	3	3	3
1007892529	2020/10/13 09:21	1	17	2	17	4	10	1	2	4	4	3	3	4	4	3	4	3	3	3	3	4	4	4	4	3	3	3	4	4	4	4	3	4	3	4	3	3	3	3	4	3	4	4	4	4	3	4	4	3	4	3	4	2	4	3	3	3	3	4	4	4	4	4	4	3
